-1.125839829444885254e+00
-1.142360210418701172e+00
-2.605785727500915527e-01
-4.338788092136383057e-01
8.387103676795959473e-01
6.920091509819030762e-01
-3.060127794742584229e-01
-2.115219354629516602e+00
3.122749328613281250e-01
-1.253334760665893555e+00
3.399831950664520264e-01
3.181339204311370850e-01
1.198415085673332214e-01
1.227657914161682129e+00
1.106777191162109375e+00
-2.472781538963317871e-01
-1.362653732299804688e+00
-1.705931186676025391e+00
5.566506385803222656e-01
7.935083508491516113e-01
6.088394522666931152e-01
-1.545095086097717285e+00
-3.513603806495666504e-01
1.853006124496459961e+00
7.401894927024841309e-01
-5.854975581169128418e-01
-1.633967459201812744e-01
1.734779328107833862e-01
1.379366159439086914e+00
1.576334238052368164e+00
9.462983608245849609e-01
-8.336767554283142090e-01
-6.235830783843994141e-01
3.159274160861968994e-02
1.055357456207275391e+00
1.778437197208404541e-01
-2.403354793787002563e-01
-3.917543888092041016e-01
5.332947373390197754e-01
-3.851575553417205811e-01
2.055256664752960205e-01
-4.403297603130340576e-01
1.510979533195495605e+00
3.410502672195434570e+00
-1.531184315681457520e+00
-1.244135022163391113e+00
1.819725275039672852e+00
-5.515286922454833984e-01
-1.325325965881347656e+00
1.785535663366317749e-01
