1.196759223937988281e+00
9.464313983917236328e-01
-6.047928333282470703e-01
1.108543515205383301e+00
-3.061555325984954834e-01
-1.075301051139831543e+00
9.182580709457397461e-01
-1.849249482154846191e+00
-7.675403356552124023e-01
9.397293329238891602e-01
-3.086306154727935791e-01
9.099809527397155762e-01
9.935249090194702148e-01
8.382583856582641602e-01
-6.096179783344268799e-02
9.642310142517089844e-01
-1.843561172485351562e+00
-6.441729515790939331e-02
4.566637873649597168e-01
1.164151191711425781e+00
1.438003301620483398e+00
-1.352337479591369629e+00
-1.738484501838684082e+00
1.247067213058471680e+00
6.140092611312866211e-01
-9.308182597160339355e-01
-8.729421496391296387e-01
-2.495422065258026123e-01
1.003789424896240234e+00
9.024212956428527832e-01
1.356785148382186890e-01
7.359946966171264648e-01
2.036328613758087158e-01
1.055832266807556152e+00
1.698733806610107422e+00
8.220286965370178223e-01
-1.625141859054565430e+00
3.807735629379749298e-03
4.517124593257904053e-01
3.100728988647460938e-01
9.399596452713012695e-01
1.077514529228210449e+00
1.183864951133728027e+00
2.101605653762817383e+00
2.515286803245544434e-01
1.201389506459236145e-01
9.296132922172546387e-01
5.449960827827453613e-01
-1.864117383956909180e-01
-1.275471329689025879e+00
