1.645765662193298340e+00
1.451101541519165039e+00
-8.575818538665771484e-01
1.585584282875061035e+00
-6.020965576171875000e-01
-1.831395983695983887e+00
1.081072688102722168e+00
-2.507311105728149414e+00
-6.168572902679443359e-01
1.446310043334960938e+00
1.239284873008728027e+00
1.079941511154174805e+00
1.295500636100769043e+00
1.458658814430236816e+00
-2.711965143680572510e-01
1.472278952598571777e+00
-2.455439329147338867e+00
-3.818987682461738586e-02
9.475235939025878906e-01
1.913503408432006836e+00
1.670116782188415527e+00
-1.687747478485107422e+00
-2.212153673171997070e+00
1.442584037780761719e+00
5.147697925567626953e-01
-1.213218450546264648e+00
-1.232383608818054199e+00
9.034953266382217407e-02
1.407655596733093262e+00
2.401656061410903931e-01
4.244449436664581299e-01
6.819251924753189087e-02
9.809798598289489746e-01
1.542491912841796875e+00
1.737760066986083984e+00
1.393932580947875977e+00
-2.035839080810546875e+00
8.510165810585021973e-01
1.043606638908386230e+00
1.358820945024490356e-01
3.122408390045166016e-01
1.423578023910522461e+00
8.081370592117309570e-01
1.917731046676635742e+00
5.503838062286376953e-01
-4.555259644985198975e-01
1.130546092987060547e+00
8.137480020523071289e-01
4.945128783583641052e-02
-1.758015632629394531e+00
