2.326261281967163086e+00
2.229724645614624023e+00
-1.439928889274597168e+00
2.204672813415527344e+00
-1.101377844810485840e+00
-2.617552042007446289e+00
1.625240206718444824e+00
-3.286274194717407227e+00
-1.095747709274291992e+00
2.244116544723510742e+00
1.837668299674987793e+00
1.609706759452819824e+00
2.225507259368896484e+00
2.145259141921997070e+00
-8.125807046890258789e-01
2.246311664581298828e+00
-3.388985395431518555e+00
3.963558748364448547e-02
1.560749053955078125e+00
2.182792901992797852e+00
2.146716594696044922e+00
-2.355676174163818359e+00
-3.038011789321899414e+00
2.235781669616699219e+00
4.809507727622985840e-02
-1.828714132308959961e+00
-1.961870670318603516e+00
6.170669794082641602e-01
2.130642175674438477e+00
1.147124916315078735e-01
3.414860367774963379e-01
-2.172089219093322754e-01
1.718045353889465332e+00
2.314551115036010742e+00
2.126030206680297852e+00
2.186837673187255859e+00
-2.792222738265991211e+00
1.626860618591308594e+00
1.811499357223510742e+00
1.013835296034812927e-01
8.257840871810913086e-01
1.938307642936706543e+00
1.097623229026794434e+00
2.000036716461181641e+00
1.128868937492370605e+00
-6.460377573966979980e-01
1.112911924719810486e-01
1.330831170082092285e+00
1.011827468872070312e+00
-2.596012592315673828e+00
