2.013503551483154297e+00
1.927137613296508789e+00
-1.187656044960021973e+00
1.935548663139343262e+00
-7.747473716735839844e-01
-2.233238458633422852e+00
1.337525010108947754e+00
-2.834949731826782227e+00
-7.721937894821166992e-01
1.880390286445617676e+00
1.838188529014587402e+00
1.331598758697509766e+00
1.973107576370239258e+00
1.727694272994995117e+00
-5.837427377700805664e-01
1.901439070701599121e+00
-2.907682418823242188e+00
-1.943030804395675659e-01
1.211689472198486328e+00
2.340141773223876953e+00
1.932467460632324219e+00
-2.061756610870361328e+00
-2.675301551818847656e+00
1.892158865928649902e+00
2.493262290954589844e-01
-1.554237484931945801e+00
-1.642479062080383301e+00
7.614414095878601074e-01
1.856667280197143555e+00
1.246827021241188049e-01
3.533583581447601318e-01
-1.469939798116683960e-01
1.278748631477355957e+00
1.983295798301696777e+00
2.030138015747070312e+00
1.864713668823242188e+00
-2.468091726303100586e+00
1.240030527114868164e+00
1.466551780700683594e+00
4.590075463056564331e-02
5.417140126228332520e-01
1.674646854400634766e+00
1.130016922950744629e+00
1.811543703079223633e+00
8.167566061019897461e-01
-5.373741984367370605e-01
8.245524168014526367e-01
1.063277125358581543e+00
4.781167209148406982e-01
-2.238070964813232422e+00
