-5.581768611415314048e-07
-6.214496240379292970e-07
-6.995807303722669795e-07
-8.369538737533153763e-07
-6.683370330403520127e-07
-5.957915229959368185e-07
-6.312155401265994812e-07
-5.920595128412488759e-07
-8.812329271502434619e-07
-7.417994198868216270e-07
-7.914419924453793714e-07
-5.700651413824981867e-07
-5.975404216990162502e-07
-7.282010560394067139e-07
-5.772032943173581965e-07
-6.683748565104269061e-07
-5.219105280817835746e-07
-5.679771063971735025e-07
-4.558336341654955999e-07
-6.199548178348167134e-07
-6.653861412901335951e-07
-5.670833675480986661e-07
-5.941687969670650923e-07
-4.983260598298936993e-07
-5.510017819225283578e-07
-6.578768839216665897e-07
-5.275849929992729514e-07
-5.135431831999553458e-07
-6.748174542465299776e-07
-4.270222551151807006e-07
-4.871326737033130589e-07
-6.221498068272821309e-07
-5.942510075306113134e-07
-5.397039916856658324e-07
-4.557025505788188228e-07
-4.517076649460941480e-07
-4.697510656624693183e-07
-4.875476458069569882e-07
-6.115582435797345854e-07
-5.151170362056965690e-07
-4.392250226354224558e-07
-5.206323686710604077e-07
-5.261780165768587857e-07
-4.833375772115212106e-07
-4.654741803252655957e-07
-4.453519053641332463e-07
-5.081362685714107663e-07
-3.948129023987050438e-07
-4.917513396602454331e-07
-3.893618839985623655e-07
-4.881599515952992347e-07
-4.590471180718774678e-07
-4.611382223774953416e-07
-4.097294684815916790e-07
-4.625195581703830859e-07
-5.134049221258236660e-07
-4.601812083100679213e-07
-3.890560380364205559e-07
-4.338182024475022154e-07
-5.128995703446222587e-07
-4.969222943887093905e-07
-4.557718227768212772e-07
-5.092433015707085480e-07
-4.516406593230774189e-07
-4.039259976711624135e-07
-4.239335744939525632e-07
-4.399034368608495222e-07
-4.536936096164349478e-07
-5.120157949814223916e-07
-5.079677864974687803e-07
-4.482562851068312781e-07
-4.950903351564640509e-07
-4.293652797864040361e-07
-3.375721566238011829e-07
-3.200650369931206395e-07
-3.624906459157508997e-07
-3.581962890630319067e-07
-4.719109227426554640e-07
-4.945192527006754447e-07
-4.224412237470745418e-07
-3.434276169979664693e-07
-3.650999223173334178e-07
-4.092964109983737991e-07
-3.877993874779060654e-07
-4.482089703540034283e-07
-3.531018312403375288e-07
-5.100864202451013386e-07
-4.466711936667856085e-07
-3.662663112490710130e-07
-4.161609222240147489e-07
-4.197562295748737707e-07
-3.522503073503725809e-07
-3.903131607980571123e-07
-3.930309022567709532e-07
-4.773768627614544585e-07
-4.701373278162935837e-07
-4.019566745507172503e-07
-4.372134373355552346e-07
-4.275713329054824798e-07
-4.039960253941601096e-07
-4.723241004744356808e-07
-4.203164041385433819e-07
-3.875210001273105803e-07
-3.495168887480071820e-07
-3.975981452937137114e-07
-4.155361030529385790e-07
-3.478911642293104676e-07
-3.513826341136340621e-07
-3.235458586970423831e-07
-4.279252963657596035e-07
-4.062281295520175601e-07
-4.340443877429568110e-07
-3.495367921096009299e-07
-4.049623418630917023e-07
-4.008433140295840937e-07
-3.820152533853240900e-07
-3.401239895155881827e-07
-3.334472262512682017e-07
-4.370782455817166914e-07
-4.137013578222732787e-07
-3.707171798265883357e-07
-3.492626073667915499e-07
-3.811141953878577364e-07
-3.711317741677346970e-07
-3.547400455316120290e-07
-3.847332545557550751e-07
-3.553250107591884808e-07
-2.746465574627231326e-07
-3.682383023171556601e-07
-3.307781453242799950e-07
-3.272908308274302832e-07
-3.680695841416527206e-07
-3.407189654493517732e-07
-3.783847669018735210e-07
-3.272281222528241042e-07
-3.582827258445203178e-07
-3.658672287804835105e-07
-3.522487963003820444e-07
-3.207263102452178868e-07
-3.410515381082006973e-07
-3.140678920721888947e-07
-3.393081641816490703e-07
-3.902698361616104459e-07
-3.603865088039648143e-07
-3.196569118347461616e-07
-3.638966779319210397e-07
-4.219614653750873864e-07
-4.091854432646956386e-07
-3.603607501236578632e-07
-3.446466565778108821e-07
-3.850350395710473939e-07
-3.500426397040804348e-07
-3.576649661101185738e-07
-3.612156030456331448e-07
-3.515063985519193220e-07
-3.590925778089656974e-07
-3.525164882502634562e-07
-3.213942415613358015e-07
-3.790981241583311282e-07
-3.198267632977420167e-07
-3.249793493247588475e-07
-3.312245661558514851e-07
-3.490377442400787069e-07
-2.870901013548903483e-07
-2.781262694893080983e-07
-3.097362311728291907e-07
-3.387065065737087276e-07
-2.936279660708638844e-07
-3.651848716589874302e-07
-3.213303996992367070e-07
-3.535096966869948626e-07
-3.957131576508639332e-07
-2.962329926443480749e-07
-3.922103076712992779e-07
-3.560902395286015791e-07
-3.602630276875527833e-07
-3.499493795874786041e-07
-3.639503674268963281e-07
-3.449922384326719332e-07
-3.082507745915328431e-07
-3.003675559605705741e-07
-3.904863885133754706e-07
-3.496483028768693575e-07
-3.211254163239614741e-07
-3.253278116186642513e-07
-3.564589593364423198e-07
-3.554072213227347019e-07
-3.297403845229846147e-07
-3.788036110711181570e-07
-3.357804290975531824e-07
-3.215272139605007359e-07
-3.388515909829538270e-07
-2.979224881946755767e-07
-3.764154201712722201e-07
-3.419884835429417234e-07
-3.304792407480320817e-07
-3.038200454771702747e-07
-3.265439471493081738e-07
-3.169570904845135192e-07
-3.712193678468721085e-07
-3.189920498389214894e-07
-3.092469106876208775e-07
-2.784089302781579959e-07
-3.410724567065068311e-07
-3.385139185303869415e-07
-3.351642040232981126e-07
-2.891674173293448214e-07
-3.520266483416209077e-07
-3.075521736826387999e-07
-2.808741375072077476e-07
-3.728075286072109676e-07
-3.311766375389649550e-07
-3.026106388410153268e-07
-2.711215375465789511e-07
-2.941390078996857956e-07
-3.508438031310804280e-07
-3.737745533808255796e-07
-3.604500673441906799e-07
-3.293825017767946147e-07
-3.200090809231595729e-07
-3.943212917283548147e-07
-3.331440246266097913e-07
-3.137725054092002050e-07
-3.550398236836357138e-07
-3.396737202285721236e-07
-3.227489923184529399e-07
-3.688674185366423272e-07
-3.205374289964040553e-07
-2.890932342188731896e-07
-3.009577154224893792e-07
-3.400792954900876472e-07
-2.858960177100454222e-07
-3.461960494618307162e-07
-2.715057692269784976e-07
-2.898085275081311767e-07
-3.782993925774096653e-07
-3.164447973174182157e-07
-2.608849529960208093e-07
-3.268208234499131754e-07
-3.683832686756202827e-07
-3.141808666691356893e-07
-2.654895945202287235e-07
-3.365366387873354432e-07
-3.602068827363428797e-07
-3.334068056640220257e-07
-3.266166664301014915e-07
-3.812621130158350718e-07
-2.811057059182535334e-07
-2.431479648855339064e-07
-2.835335382701942669e-07
-3.234505917171719183e-07
-3.296571115024137851e-07
-3.680422671910430106e-07
-3.443955389575129375e-07
-2.860488462504918821e-07
-3.618400444542116410e-07
-3.479644029335380207e-07
-3.482684545238160649e-07
-2.842436609352659324e-07
-3.515340460447144304e-07
-3.563405780137482502e-07
-3.159798661234629845e-07
-3.253997045439940200e-07
-3.017447363659844357e-07
-2.919496853446846914e-07
-3.015163317158562844e-07
-3.403010656863511630e-07
-3.489802298998148813e-07
-2.733836738229977651e-07
-3.112130228268361838e-07
-3.321527286125226270e-07
-3.471360642168649848e-07
-3.451292953888424431e-07
-3.133162391425342753e-07
-3.326421199281992474e-07
-3.374106631560653686e-07
-3.314197040960322254e-07
-3.510983206138570666e-07
-3.317442965221188355e-07
-3.507968661407501461e-07
-3.363884850577971013e-07
-3.419794408531547480e-07
-3.759406671523786870e-07
-3.547153493083296334e-07
-3.541297702166945544e-07
-3.381698241153603421e-07
-3.392245842290489271e-07
-3.431978901790966183e-07
-3.862677258211186459e-07
-3.236242208051440353e-07
-3.570735789200825141e-07
-3.273628181933844439e-07
-3.416280272897366315e-07
-3.329478006192483048e-07
-3.479254933962823811e-07
-2.477545424425421475e-07
-2.986991678897980431e-07
-2.547274715050022506e-07
-2.674458848345057808e-07
-3.481317281098309534e-07
-3.101616861857823245e-07
-2.818488828018676353e-07
-3.446052915843206803e-07
-3.181497339098362690e-07
-3.341771814474653078e-07
-2.731444321112189789e-07
-3.117575674671664594e-07
-3.147340998469114042e-07
-3.112115589971578697e-07
-3.436087541155789403e-07
-3.115732901987924917e-07
-3.329607625949481564e-07
-2.735120422417228887e-07
-2.706449429355094831e-07
-3.264584783842199261e-07
-2.996858835336014812e-07
-2.841767497528736483e-07
-3.475858849109151158e-07
-3.697065707048099661e-07
-3.322009877715945556e-07
-3.296625890586294203e-07
-3.235717590382860016e-07
-2.851427356796197896e-07
-3.455847353000447709e-07
-3.378516536517334460e-07
-2.802051909543774999e-07
-3.200993897702486907e-07
-3.228613058310288847e-07
-3.257621440503116612e-07
-3.158238029916305829e-07
-3.225272929526577314e-07
-3.344160217865903884e-07
-2.915877180414891160e-07
-3.564872915237643628e-07
-3.272985513484755589e-07
-2.969158927994344754e-07
-3.335929481347280661e-07
-3.096359588398651565e-07
-3.461235898927545426e-07
-3.598289077473102950e-07
-2.959504499062787071e-07
-3.320232032961485560e-07
-2.841913880496567356e-07
-2.507658761923810186e-07
-3.120617607183811181e-07
-3.219728556569208466e-07
-3.276769985406301566e-07
-3.470339030714127932e-07
-3.327922805210062234e-07
-3.378920742389796220e-07
-3.451072435030434467e-07
-2.984625941256587408e-07
-2.619852334906735846e-07
-3.531226553980192177e-07
-3.516285574995896534e-07
-2.757538501737381114e-07
-2.870365299106955367e-07
-2.918496255031255789e-07
-3.322664351243085257e-07
-3.059221048952193659e-07
-3.167640066279135825e-07
-3.384801087868492633e-07
-3.522590903284424121e-07
-3.276264255862602273e-07
-3.431937820119349581e-07
-3.407884501387591492e-07
-3.541469111900244263e-07
-2.772690791618787312e-07
-2.608313579416699129e-07
-3.435047277677947291e-07
-3.080837799574253088e-07
-2.919175047019180794e-07
-3.285099648478991410e-07
-2.731869540023581810e-07
-3.222995021665882603e-07
-2.451419842292614652e-07
-2.963839323723064304e-07
-2.627417501124851590e-07
-3.527161357302596683e-07
-3.275377930602543452e-07
-2.666980331399835080e-07
-3.437262854726533232e-07
-3.461845277056530939e-07
-2.792377175877969598e-07
-2.666731480354522754e-07
-3.127491940234390750e-07
-2.959399906071256402e-07
-3.169978416139450937e-07
-2.753200135553688520e-07
-3.107653034366791318e-07
-3.451587136433451792e-07
-3.661898379534575182e-07
-2.302013593973071465e-07
-2.761567338774580135e-07
-3.429594276024691587e-07
-3.233807056551107837e-07
-3.262350318668731746e-07
-3.346179122314162940e-07
-2.827768327671338556e-07
-3.407262609875872056e-07
-3.291165569784647458e-07
-2.768004647835716302e-07
-3.291960759842153454e-07
-2.551831475177655848e-07
-2.876556354239950650e-07
-3.080741942340480134e-07
-3.295539351202492606e-07
-3.574628159535755770e-07
-2.835239289366608337e-07
-3.359232469318125565e-07
-3.468837188684496796e-07
-3.161967962377256831e-07
-3.221833874188799689e-07
-2.987410995270347027e-07
-3.351854295536335601e-07
-3.420236862856893554e-07
-3.454234779338699630e-07
-3.101282305945861824e-07
-3.352527421086795498e-07
-2.715367221416278550e-07
-3.256272592285024846e-07
-2.961090393248140311e-07
-3.138039777472837977e-07
-3.259326329875222284e-07
-3.253061374953628757e-07
-3.617065290214563865e-07
-3.259453824718171583e-07
-2.843281380737979318e-07
-3.483057113501446064e-07
-2.908424162438258503e-07
-3.569633194910874259e-07
-3.587098571785566874e-07
-2.670626920009747050e-07
-3.451460585996746942e-07
-3.288109471178839427e-07
-3.205740719586739166e-07
-3.221540636050016248e-07
-2.911943020103660326e-07
-3.020430270781736688e-07
-3.446330099075840960e-07
-3.602369856853726033e-07
-3.369891746493372806e-07
-2.672738140168363699e-07
-3.272417217027386679e-07
-3.312469013635237105e-07
-3.268598038176371221e-07
-2.633260070353785385e-07
-3.116624893685448316e-07
-3.459755542139966775e-07
-3.168286512353201413e-07
-2.844705073150913777e-07
-2.856298131999984092e-07
-3.393339464721121590e-07
-3.296078607167856083e-07
-3.054226792631994691e-07
-3.443750925623288165e-07
-2.991936589991926248e-07
-3.113017970137786803e-07
-2.949719505967986953e-07
-2.775015211487002356e-07
-3.191320816747608498e-07
-3.358166470770132533e-07
-3.120262510436041195e-07
-3.009785868004833435e-07
-3.205740247383617470e-07
-3.384537126323274943e-07
-3.541056406371586165e-07
-3.289737155340492870e-07
-2.586926555613509605e-07
-2.481612273813943961e-07
-3.426618451949629979e-07
-3.505842330748979977e-07
-2.686564719784658138e-07
-2.725137340112734680e-07
-3.406519362161789594e-07
-3.299363252084728722e-07
-3.406316550920875907e-07
-3.043154573826527975e-07
-3.017082114544950512e-07
-2.712120588850729906e-07
-2.737670555377776249e-07
-3.229571630648018920e-07
-3.278911898767850111e-07
-3.343816453993063054e-07
-2.993988312557166946e-07
-3.321387986204226120e-07
-3.352276917330556181e-07
-3.496782169446502971e-07
-2.968136136032018071e-07
-2.899902076593339678e-07
-3.358920106952899702e-07
-3.297850077180168959e-07
-3.350969150784081547e-07
-2.931602252683325549e-07
-2.830904228604770257e-07
-3.259812226887796083e-07
-2.645114965834024173e-07
-3.434540603728004078e-07
-3.319348068717036803e-07
-2.897652737021527646e-07
-3.081636767256735293e-07
-3.583882396321389278e-07
-2.717492135465434419e-07
-3.518486041544577640e-07
-2.933141398759597079e-07
-3.029232373078021958e-07
-3.321030764542406917e-07
-3.092298169346032280e-07
-3.002254700411504100e-07
-3.028482750621791846e-07
-2.947814874675260200e-07
-3.315824016817292626e-07
-3.031523030423011440e-07
-2.976011539701310460e-07
-2.920759052392045665e-07
-3.167372327108942456e-07
-3.185274727973077943e-07
-3.042506711143096772e-07
-3.345006641962150871e-07
-3.510541224016346287e-07
-3.190234041262246054e-07
-3.209805916264335189e-07
-3.655508526887203268e-07
-2.772463661917088850e-07
-3.184366445267844412e-07
-2.974604138296086663e-07
-2.740154579901239161e-07
-3.429127739340121586e-07
-3.379061458920162515e-07
-3.394897262820713847e-07
-3.575845026981238956e-07
-2.932282697382177017e-07
-2.756693022047378048e-07
-2.808408235769482200e-07
-3.453914625621960502e-07
-3.315620025068573641e-07
-3.366698472880614370e-07
-3.254308227297360766e-07
-3.221311617535829416e-07
-3.340337025288351370e-07
-2.735925764841858742e-07
-2.848637816852778466e-07
-2.684849678045428607e-07
-3.104496592597551051e-07
-2.999908323098114346e-07
-2.963220029328516309e-07
-2.789421892638716027e-07
-3.374938181258556685e-07
-2.997077937584639162e-07
-2.737500326152282826e-07
-2.807560158962308221e-07
-3.620523469778783910e-07
-3.393127445519327963e-07
-3.220350448080927902e-07
-2.936935314743583842e-07
-3.138200326534329765e-07
-2.731665312173301978e-07
-2.839206739997943037e-07
-2.605637368222568084e-07
-2.662212260375091183e-07
-3.066331247462228876e-07
-3.231755806188989894e-07
-3.465074202005003305e-07
-3.297460273502928961e-07
-3.261723941227353029e-07
-2.950529806525398313e-07
-2.673427556726534258e-07
-2.855705044878708712e-07
-3.262789467572223836e-07
-3.192770716433815572e-07
-3.275745304631486514e-07
-3.447393028303540854e-07
-2.660458497979854584e-07
-3.335524803271696676e-07
-2.755611676897918804e-07
-2.971021297107649077e-07
-2.347455825320507447e-07
-2.763950311829927210e-07
-2.975805186936981411e-07
-3.290989201918567233e-07
-3.321766457006536432e-07
-2.790109420384398747e-07
-2.811850596529114338e-07
-3.160852854704572025e-07
-2.924443181150159405e-07
-2.694472233266249097e-07
-2.998415452927801772e-07
-3.268381296943357466e-07
-3.029358923514727337e-07
-3.258958011440035302e-07
-2.992910745032683911e-07
-2.651272258443793895e-07
-3.260863351037445127e-07
-2.480630563523234409e-07
-3.054418034896418904e-07
-3.401318753077261577e-07
-3.345260687241805549e-07
-3.079953835329804331e-07
-3.350593513200502995e-07
-3.375462798927137022e-07
-2.705937561170809265e-07
-2.988088606750466735e-07
-2.629075878489436929e-07
-3.150082137592524240e-07
-2.573120752934584579e-07
-3.013429859497573964e-07
-3.408217640690186768e-07
-3.401659447629809800e-07
-3.204657013421669857e-07
-2.875685375581357512e-07
-2.848067159379799492e-07
-3.321599533202897522e-07
-3.221806014204599553e-07
-2.767963566164099170e-07
-3.078270431199751145e-07
-3.233859943300775820e-07
-3.068618599385364374e-07
-3.095020892547683658e-07
-2.753814944018577234e-07
-3.482208800592710709e-07
-3.235364854650700094e-07
-2.770211961329666753e-07
-3.599844278455523764e-07
-3.046751345007065628e-07
-3.070773970535891292e-07
-3.317317831393849120e-07
-3.365139022070095121e-07
-2.961199236067769413e-07
-3.335765626863934358e-07
-3.516698988829237704e-07
-2.773321418888264463e-07
-2.574377521543879599e-07
-2.863342694276057084e-07
-3.178166654377091414e-07
-3.120830570791848728e-07
-3.250461188462145172e-07
-2.947039989352001393e-07
-2.765274841587234201e-07
-3.188728185506077860e-07
-2.814245610764073642e-07
-2.525712503888558052e-07
-3.355388263701642260e-07
-3.046307001869231185e-07
-2.583740128946019985e-07
-3.205945655741702070e-07
-2.975434507486184365e-07
-3.373777505984595467e-07
-3.298511633754139382e-07
-3.136463327349925524e-07
-2.556536507085608432e-07
-2.804606056230859947e-07
-3.341123715689661028e-07
-2.862011789776602443e-07
-3.002213618739886968e-07
-3.123478213697096565e-07
-3.317945153241471757e-07
-2.949844403693764810e-07
-2.719359934914641944e-07
-2.559990436821730573e-07
-3.103468370299320638e-07
-2.891519290669421003e-07
-3.242080763553836562e-07
-3.090487270373029265e-07
-2.738846341151642302e-07
-3.260001108136609703e-07
-3.291454558095332466e-07
-3.402770069372834795e-07
-2.456967756773398861e-07
-2.636066373508037171e-07
-3.672318485828511733e-07
-3.374633610244844088e-07
-3.080908630042558196e-07
-3.330197643750463808e-07
-2.837880321428147677e-07
-2.884175115512417449e-07
-2.943604239436078282e-07
-2.720703116695269132e-07
-2.707178274873955001e-07
-2.822066711074332433e-07
-3.252465218512060240e-07
-3.196945700337284618e-07
-3.090031122157143971e-07
-3.258995315486676225e-07
-3.258294802155137887e-07
-2.376896745573118804e-07
-3.152045558173944401e-07
-3.173454775523869484e-07
-2.968326669991759212e-07
-2.869486765198409811e-07
-2.640384907160604272e-07
-3.154465126971249327e-07
-3.001532229634791052e-07
-3.040865805294026862e-07
-2.806523437007881470e-07
-2.845144694257527562e-07
-2.552423145689565084e-07
-2.988357762530026249e-07
-3.118474985517579564e-07
-2.465256338174471573e-07
-2.545784441996881373e-07
-2.563574694619533774e-07
-3.293178099490758864e-07
-3.258278038944305530e-07
-3.035303252516459512e-07
-3.024591324693105136e-07
-3.524668597021376585e-07
-2.769077021125856983e-07
-3.194961266716934195e-07
-2.728227437343329121e-07
-3.333102401255659461e-07
-2.953525699233146262e-07
-2.950562624642379426e-07
-2.865568187590206037e-07
-3.057402594729238227e-07
-2.537798542797032889e-07
-2.819426151215914789e-07
-3.276421027299117853e-07
-3.308909074298218149e-07
-2.748128437921475946e-07
-2.629904122765485944e-07
-2.930146450458093050e-07
-2.778319216731878263e-07
-2.650814693618542456e-07
-2.755309939102939025e-07
-3.162855468145120419e-07
-3.361079727931525053e-07
-3.007578082307760759e-07
-2.368244095564957279e-07
-3.167361938640257749e-07
-3.189499765407482154e-07
-3.105840010479739616e-07
-2.453861840738216513e-07
-3.083395251683192549e-07
-2.559988548009242204e-07
-2.908546463046865449e-07
-2.710326689190120625e-07
-2.832036571691409115e-07
-3.235602608922644640e-07
-2.996014536153817043e-07
-2.765573982265043068e-07
-3.262740830650654286e-07
-2.866717293887677252e-07
-3.363567530079964174e-07
-3.273516505895483047e-07
-2.930121423692625203e-07
-3.031507683821545757e-07
-2.908254169314325927e-07
-3.293875071298881841e-07
-3.400285572646250187e-07
-3.149719249493240989e-07
-2.790071171931513904e-07
-3.420952958891458952e-07
-3.069991529962680067e-07
-3.341726955178059738e-07
-2.523559965956763424e-07
-3.056251127416156948e-07
-2.211378454526634049e-07
-3.186073931757121525e-07
-2.985163308409462516e-07
-3.190234041262246054e-07
-3.560228089227750597e-07
-3.319454786622616688e-07
-3.409190379121578287e-07
-3.060469790108414037e-07
-3.354384123762635774e-07
-3.588225720637863378e-07
-3.079787619830847965e-07
-2.388328547056014788e-07
-3.028142764373927224e-07
-2.652644008513304820e-07
-3.009227723914588383e-07
-2.963649261966445387e-07
-3.050961980246248075e-07
-3.362173586463717691e-07
-3.230681307984799995e-07
-2.800109502001285629e-07
-2.565422189334494110e-07
-2.837175558268511435e-07
-2.610703399417316080e-07
-3.141001435454238669e-07
-2.896467743286782182e-07
-2.603400305931929657e-07
-3.392906690559777151e-07
-3.352043648988271445e-07
-2.668447702601557582e-07
-3.437307950124687420e-07
-2.766954468092311178e-07
-3.166211651834981238e-07
-2.414795768147613224e-07
-3.088379355636267129e-07
-2.718904258901878345e-07
-2.693969100839721246e-07
-2.780581777991106762e-07
-3.170891656977465975e-07
-2.982516137707336903e-07
-2.948729532122641382e-07
-3.185788248868290502e-07
-3.273245461303435164e-07
-3.346509664499587304e-07
-3.121306079335737820e-07
-2.609864058367899815e-07
-3.271543877353184006e-07
-3.012443427175643754e-07
-3.308457648113553513e-07
-3.045337568859694181e-07
-2.450669039328579772e-07
-2.802289899917280393e-07
-3.385684579909819166e-07
-2.849028564936261854e-07
-3.122094894651096695e-07
-3.367622102187313585e-07
-2.474626264725003529e-07
-2.424470029610296930e-07
-2.903778155920560175e-07
-3.073025435021752011e-07
-3.197508802560310645e-07
-2.720262551182410898e-07
-3.107546788664333657e-07
-3.205522089541237570e-07
-3.049239147155504749e-07
-3.328402563582049760e-07
-2.558864940680361061e-07
-2.928112199408367781e-07
-3.073963938726795743e-07
-2.859151419364878436e-07
-2.807336334682463743e-07
-3.038217217982534575e-07
-2.825489003201277700e-07
-2.869427031503472482e-07
-2.909057859028028790e-07
-2.593283117940777653e-07
-3.389968878836039009e-07
-3.071751903201624634e-07
-2.603541022462295952e-07
-2.980748209218439389e-07
-2.840209227226022531e-07
-2.628789723397484211e-07
-3.238017219587168060e-07
-2.929473088806071246e-07
-2.958652880732197731e-07
-3.109145432333981667e-07
-3.415090557131400193e-07
-2.971819320383887892e-07
-2.672842969261455216e-07
-3.118617590860433699e-07
-3.174448054791069568e-07
-2.574528626542930601e-07
-3.138060318308646543e-07
-2.885055302131889468e-07
-3.238666734981526784e-07
-3.123673941891180060e-07
-2.945252228331978915e-07
-2.657258377421826274e-07
-3.452559874864843311e-07
-3.038824235095910023e-07
-3.046700347069886014e-07
-2.513539579605628824e-07
-3.149795510297449297e-07
-2.953417092515078537e-07
-2.892712784060363334e-07
-3.190466837401409094e-07
-2.807049707387388800e-07
-3.140473276262242971e-07
-3.134414674104978492e-07
-3.035365111125446058e-07
-2.836865793020456484e-07
-3.209431459188561404e-07
-2.540220708711508727e-07
-2.945173370410599165e-07
-3.559042151086760684e-07
-3.210464639619573323e-07
-2.676062450147487325e-07
-2.991382223526657935e-07
-3.193020984088494042e-07
-2.706344364160441938e-07
-2.952252639616141110e-07
-3.199163638401480623e-07
-2.991943200835634746e-07
-2.587853726443624181e-07
-2.808016779381315740e-07
-2.972755463073321030e-07
-2.844195093779116051e-07
-3.156985747236670090e-07
-3.006336188096809726e-07
-2.612970918809326084e-07
-3.013668558175762430e-07
-2.752523468479812732e-07
-3.188836556122584738e-07
-3.036090887324013090e-07
-2.687055811031573761e-07
-2.319543426573922066e-07
-2.696317603067160217e-07
-2.988411121482816456e-07
-3.058545798487684016e-07
-2.872396008633264744e-07
-3.444911128694127159e-07
-2.662191955640843465e-07
-3.295707927717059037e-07
-3.174127664972769064e-07
-2.911879272682185412e-07
-2.912003226001719350e-07
-2.413124405197172266e-07
-2.854289852121971120e-07
-2.955343209049857246e-07
-3.088569181291325198e-07
-2.531225003135189178e-07
-3.218789108457920814e-07
-2.659640878274051654e-07
-2.981448958651538575e-07
-2.918103145932162337e-07
-3.378624198829158265e-07
-3.303425379442031079e-07
-2.679651193874949806e-07
-2.899019765059817913e-07
-2.831039514799232822e-07
-2.746290859472078622e-07
-2.526702713835464471e-07
-2.554480062489148135e-07
-3.015257757782969654e-07
-3.202058479641113794e-07
-2.937660618739029180e-07
-2.786850746639237875e-07
-3.210544678048757840e-07
-2.846638272732523208e-07
-3.110079686210926966e-07
-2.726362943315975580e-07
-2.545613976669826573e-07
-2.738265295209979150e-07
-3.386666054098967869e-07
-1.893260405446286295e-07
-2.954540463742398832e-07
-2.859686189400582103e-07
-2.720653063164333438e-07
-3.043411452324914942e-07
-3.221602730760563641e-07
-2.978128898500513383e-07
-3.181973319845373477e-07
-2.751370112354243613e-07
-2.802292733136012682e-07
-3.084144165834739060e-07
-2.715628349742763951e-07
-2.731128889426670790e-07
-2.798235563911491301e-07
-2.975355413463243767e-07
-3.072128957394569331e-07
-3.600844876871115419e-07
-2.839717899877545531e-07
-3.038104833639490641e-07
-3.059434012560231206e-07
-3.174733973781461440e-07
-3.059507912348829450e-07
-2.837097880854936452e-07
-3.045716275763565869e-07
-3.105110692757757221e-07
-2.838584848486223601e-07
-2.639111611442037742e-07
-3.154325354847126952e-07
-2.759025233267106886e-07
-2.838841254781488344e-07
-3.225314483401316141e-07
-2.987852977392571405e-07
-3.236178460629965438e-07
-2.940423243104492393e-07
-3.353320722331813654e-07
-2.940716245141714457e-07
-3.367183189385382872e-07
-2.820801678910401393e-07
-2.885518533394605484e-07
-3.060393765405766576e-07
-2.835190180241917093e-07
-2.465924741693711871e-07
-3.400928477196900414e-07
-2.686312091114369604e-07
-2.300616581036532374e-07
-2.478726404433629882e-07
-2.827846949491157458e-07
-2.907573960717035307e-07
-2.614801650313454063e-07
-3.092519396508705317e-07
-3.132797378412010285e-07
-2.792136824488854140e-07
-2.488194549233544856e-07
-2.885254571849388324e-07
-3.102195546783876862e-07
-3.101929696426171332e-07
-3.090849214066069126e-07
-3.070628295872743491e-07
-3.173524189382808447e-07
-2.672662115465716238e-07
-2.639028975895681783e-07
-2.614638504134791362e-07
-3.059156593226035673e-07
-2.651455237153582618e-07
-2.634114758004667861e-07
-2.701463200487970505e-07
-3.018556804895064585e-07
-2.682239103085260315e-07
-3.080840396691424000e-07
-2.481307702800231893e-07
-2.756411116783523233e-07
-2.593850469991902114e-07
