-5.581768611415314048e-07
-6.214496240379292970e-07
-6.995807303722669795e-07
-8.369538737533153763e-07
-6.683370330403520127e-07
-5.957915229959368185e-07
-6.312155401265994812e-07
-5.920595128412488759e-07
-8.812329271502434619e-07
-7.417994198868216270e-07
-7.914419924453793714e-07
-5.700651413824981867e-07
-5.975404216990162502e-07
-7.282010560394067139e-07
-5.772032943173581965e-07
-6.683748565104269061e-07
-5.219105280817835746e-07
-5.679771063971735025e-07
-4.558336341654955999e-07
-6.199548178348167134e-07
-6.653861412901335951e-07
-5.670833675480986661e-07
-5.941687969670650923e-07
-4.983260598298936993e-07
-5.510017819225283578e-07
-6.578768839216665897e-07
-5.275849929992729514e-07
-5.135431831999553458e-07
-6.748174542465299776e-07
-4.270222551151807006e-07
-4.871326737033130589e-07
-6.221498068272821309e-07
-5.942510075306113134e-07
-5.397039916856658324e-07
-4.557025505788188228e-07
-4.517076649460941480e-07
-4.697510656624693183e-07
-4.875476458069569882e-07
-6.115582435797345854e-07
-5.151170362056965690e-07
-4.392250226354224558e-07
-5.206323686710604077e-07
-5.261780165768587857e-07
-4.833375772115212106e-07
-4.654741803252655957e-07
-4.453519053641332463e-07
-5.081362685714107663e-07
-3.948129023987050438e-07
-4.917513396602454331e-07
-3.893618839985623655e-07
-4.881599515952992347e-07
-4.590471180718774678e-07
-4.611382223774953416e-07
-4.097294684815916790e-07
-4.625195581703830859e-07
-5.134049221258236660e-07
-4.601812083100679213e-07
-3.890560380364205559e-07
-4.338182024475022154e-07
-5.128995703446222587e-07
-4.969222943887093905e-07
-4.557718227768212772e-07
-5.092433015707085480e-07
-4.516406593230774189e-07
-4.039259976711624135e-07
-4.239335744939525632e-07
-4.399034368608495222e-07
-4.536936096164349478e-07
-5.120157949814223916e-07
-5.079677864974687803e-07
-4.482562851068312781e-07
-4.950903351564640509e-07
-4.293652797864040361e-07
-3.375721566238011829e-07
-3.200650369931206395e-07
-3.624906459157508997e-07
-3.581962890630319067e-07
-4.719109227426554640e-07
-4.945192527006754447e-07
-4.224412237470745418e-07
-3.434276169979664693e-07
-3.650999223173334178e-07
-4.092964109983737991e-07
-3.877993874779060654e-07
-4.482089703540034283e-07
-3.531018312403375288e-07
-5.100864202451013386e-07
-4.466711936667856085e-07
-3.662663112490710130e-07
-4.161609222240147489e-07
-4.197562295748737707e-07
-3.522503073503725809e-07
-3.903131607980571123e-07
-3.930309022567709532e-07
-4.773768627614544585e-07
-4.701373278162935837e-07
-4.019566745507172503e-07
-4.372134373355552346e-07
-4.275713329054824798e-07
-4.039960253941601096e-07
-4.723241004744356808e-07
-4.203164041385433819e-07
-3.875210001273105803e-07
-3.495168887480071820e-07
-3.975981452937137114e-07
-4.155361030529385790e-07
-3.478911642293104676e-07
-3.513826341136340621e-07
-3.235458586970423831e-07
-4.279252963657596035e-07
-4.062281295520175601e-07
-4.340443877429568110e-07
-3.495367921096009299e-07
-4.049623418630917023e-07
-4.008433140295840937e-07
-3.820152533853240900e-07
-3.401239895155881827e-07
-3.334472262512682017e-07
-4.370782455817166914e-07
-4.137013578222732787e-07
-3.707171798265883357e-07
-3.492626073667915499e-07
-3.811141953878577364e-07
-3.711317741677346970e-07
-3.547400455316120290e-07
-3.847332545557550751e-07
-3.553250107591884808e-07
-2.746465574627231326e-07
-3.682383023171556601e-07
-3.307781453242799950e-07
-3.272908308274302832e-07
-3.680695841416527206e-07
-3.407189654493517732e-07
-3.783847669018735210e-07
-3.272281222528241042e-07
-3.582827258445203178e-07
-3.658672287804835105e-07
-3.522487963003820444e-07
-3.207263102452178868e-07
-3.410515381082006973e-07
-3.140678920721888947e-07
-3.393081641816490703e-07
-3.902698361616104459e-07
-3.603865088039648143e-07
-3.196569118347461616e-07
-3.638966779319210397e-07
-4.219614653750873864e-07
-4.091854432646956386e-07
-3.603607501236578632e-07
-3.446466565778108821e-07
-3.850350395710473939e-07
-3.500426397040804348e-07
-3.576649661101185738e-07
-3.612156030456331448e-07
-3.515063985519193220e-07
-3.590925778089656974e-07
-3.525164882502634562e-07
-3.213942415613358015e-07
-3.790981241583311282e-07
-3.198267632977420167e-07
-3.249793493247588475e-07
-3.312245661558514851e-07
-3.490377442400787069e-07
-2.870901013548903483e-07
-2.781262694893080983e-07
-3.097362311728291907e-07
-3.387065065737087276e-07
-2.936279660708638844e-07
-3.651848716589874302e-07
-3.213303996992367070e-07
-3.535096966869948626e-07
-3.957131576508639332e-07
-2.962329926443480749e-07
-3.922103076712992779e-07
-3.560902395286015791e-07
-3.602630276875527833e-07
-3.499493795874786041e-07
-3.639503674268963281e-07
-3.449922384326719332e-07
-3.082507745915328431e-07
-3.003675559605705741e-07
-3.904863885133754706e-07
-3.496483028768693575e-07
-3.211254163239614741e-07
-3.253278116186642513e-07
-3.564589593364423198e-07
-3.554072213227347019e-07
-3.297403845229846147e-07
-3.788036110711181570e-07
-3.357804290975531824e-07
-3.215272139605007359e-07
-3.388515909829538270e-07
-2.979224881946755767e-07
-3.764154201712722201e-07
-3.419884835429417234e-07
-3.304792407480320817e-07
-3.038200454771702747e-07
-3.265439471493081738e-07
-3.169570904845135192e-07
-3.712193678468721085e-07
-3.189920498389214894e-07
-3.092469106876208775e-07
-2.784089302781579959e-07
-3.410724567065068311e-07
-3.385139185303869415e-07
-3.351642040232981126e-07
-2.891674173293448214e-07
-3.520266483416209077e-07
-3.075521736826387999e-07
-2.808741375072077476e-07
-3.728075286072109676e-07
-3.311766375389649550e-07
-3.026106388410153268e-07
-2.711215375465789511e-07
-2.941390078996857956e-07
-3.508438031310804280e-07
-3.737745533808255796e-07
-3.604500673441906799e-07
-3.293825017767946147e-07
-3.200090809231595729e-07
-3.943212917283548147e-07
-3.331440246266097913e-07
-3.137725054092002050e-07
-3.550398236836357138e-07
-3.396737202285721236e-07
-3.227489923184529399e-07
-3.688674185366423272e-07
-3.205374289964040553e-07
-2.890932342188731896e-07
-3.009577154224893792e-07
-3.400792954900876472e-07
-2.858960177100454222e-07
-3.461960494618307162e-07
-2.715057692269784976e-07
-2.898085275081311767e-07
-3.782993925774096653e-07
-3.164447973174182157e-07
-2.608849529960208093e-07
-3.268208234499131754e-07
-3.683832686756202827e-07
-3.141808666691356893e-07
-2.654895945202287235e-07
-3.365366387873354432e-07
-3.602068827363428797e-07
-3.334068056640220257e-07
-3.266166664301014915e-07
-3.812621130158350718e-07
-2.811057059182535334e-07
-2.431479648855339064e-07
-2.835335382701942669e-07
-3.234505917171719183e-07
-3.296571115024137851e-07
-3.680422671910430106e-07
-3.443955389575129375e-07
-2.860488462504918821e-07
-3.618400444542116410e-07
-3.479644029335380207e-07
-3.482684545238160649e-07
-2.842436609352659324e-07
-3.515340460447144304e-07
-3.563405780137482502e-07
-3.159798661234629845e-07
-3.253997045439940200e-07
-3.017447363659844357e-07
-2.919496853446846914e-07
-3.015163317158562844e-07
-3.403010656863511630e-07
-3.489802298998148813e-07
-2.733836738229977651e-07
-3.112130228268361838e-07
-3.321527286125226270e-07
-3.471360642168649848e-07
-3.451292953888424431e-07
-3.133162391425342753e-07
-3.326421199281992474e-07
-3.374106631560653686e-07
-3.314197040960322254e-07
-3.510983206138570666e-07
-3.317442965221188355e-07
-3.507968661407501461e-07
-3.363884850577971013e-07
-3.419794408531547480e-07
-3.759406671523786870e-07
-3.547153493083296334e-07
-3.541297702166945544e-07
-3.381698241153603421e-07
-3.392245842290489271e-07
-3.431978901790966183e-07
-3.862677258211186459e-07
-3.236242208051440353e-07
-3.570735789200825141e-07
-3.273628181933844439e-07
-3.416280272897366315e-07
-3.329478006192483048e-07
-3.479254933962823811e-07
-2.477545424425421475e-07
-2.986991678897980431e-07
-2.547274715050022506e-07
-2.674458848345057808e-07
-3.481317281098309534e-07
-3.101616861857823245e-07
-2.818488828018676353e-07
-3.446052915843206803e-07
-3.181497339098362690e-07
-3.341771814474653078e-07
-2.731444321112189789e-07
-3.117575674671664594e-07
-3.147340998469114042e-07
-3.112115589971578697e-07
-3.436087541155789403e-07
-3.115732901987924917e-07
-3.329607625949481564e-07
-2.735120422417228887e-07
-2.706449429355094831e-07
-3.264584783842199261e-07
-2.996858835336014812e-07
-2.841767497528736483e-07
-3.475858849109151158e-07
-3.697065707048099661e-07
-3.322009877715945556e-07
-3.296625890586294203e-07
-3.235717590382860016e-07
-2.851427356796197896e-07
-3.455847353000447709e-07
-3.378516536517334460e-07
-2.802051909543774999e-07
-3.200993897702486907e-07
-3.228613058310288847e-07
-3.257621440503116612e-07
-3.158238029916305829e-07
-3.225272929526577314e-07
-3.344160217865903884e-07
-2.915877180414891160e-07
-3.564872915237643628e-07
-3.272985513484755589e-07
-2.969158927994344754e-07
-3.335929481347280661e-07
-3.096359588398651565e-07
-3.461235898927545426e-07
-3.598289077473102950e-07
-2.959504499062787071e-07
-3.320232032961485560e-07
-2.841913880496567356e-07
-2.507658761923810186e-07
-3.120617607183811181e-07
-3.219728556569208466e-07
-3.276769985406301566e-07
-3.470339030714127932e-07
-3.327922805210062234e-07
-3.378920742389796220e-07
-3.451072435030434467e-07
-2.984625941256587408e-07
-2.619852334906735846e-07
-3.531226553980192177e-07
-3.516285574995896534e-07
-2.757538501737381114e-07
-2.870365299106955367e-07
-2.918496255031255789e-07
-3.322664351243085257e-07
-3.059221048952193659e-07
-3.167640066279135825e-07
-3.384801087868492633e-07
-3.522590903284424121e-07
-3.276264255862602273e-07
-3.431937820119349581e-07
-3.407884501387591492e-07
-3.541469111900244263e-07
-2.772690791618787312e-07
-2.608313579416699129e-07
-3.435047277677947291e-07
-3.080837799574253088e-07
-2.919175047019180794e-07
-3.285099648478991410e-07
-2.731869540023581810e-07
-3.222995021665882603e-07
-2.451419842292614652e-07
-2.963839323723064304e-07
-2.627417501124851590e-07
-3.527161357302596683e-07
-3.275377930602543452e-07
-2.666980331399835080e-07
-3.437262854726533232e-07
-3.461845277056530939e-07
-2.792377175877969598e-07
-2.666731480354522754e-07
-3.127491940234390750e-07
-2.959399906071256402e-07
-3.169978416139450937e-07
-2.753200135553688520e-07
-3.107653034366791318e-07
-3.451587136433451792e-07
-3.661898379534575182e-07
-2.302013593973071465e-07
-2.761567338774580135e-07
-3.429594276024691587e-07
-3.233807056551107837e-07
-3.262350318668731746e-07
-3.346179122314162940e-07
-2.827768327671338556e-07
-3.407262609875872056e-07
-3.291165569784647458e-07
-2.768004647835716302e-07
-3.291960759842153454e-07
-2.551831475177655848e-07
-2.876556354239950650e-07
-3.080741942340480134e-07
-3.295539351202492606e-07
-3.574628159535755770e-07
-2.835239289366608337e-07
-3.359232469318125565e-07
-3.468837188684496796e-07
-3.161967962377256831e-07
-3.221833874188799689e-07
-2.987410995270347027e-07
-3.351854295536335601e-07
-3.420236862856893554e-07
-3.454234779338699630e-07
-3.101282305945861824e-07
-3.352527421086795498e-07
-2.715367221416278550e-07
-3.256272592285024846e-07
-2.961090393248140311e-07
-3.138039777472837977e-07
-3.259326329875222284e-07
-3.253061374953628757e-07
-3.617065290214563865e-07
-3.259453824718171583e-07
-2.843281380737979318e-07
-3.483057113501446064e-07
-2.908424162438258503e-07
-3.569633194910874259e-07
-3.587098571785566874e-07
-2.670626920009747050e-07
-3.451460585996746942e-07
-3.288109471178839427e-07
-3.205740719586739166e-07
-3.221540636050016248e-07
-2.911943020103660326e-07
-3.020430270781736688e-07
-3.446330099075840960e-07
-3.602369856853726033e-07
-3.369891746493372806e-07
-2.672738140168363699e-07
-3.272417217027386679e-07
-3.312469013635237105e-07
-3.268598038176371221e-07
-2.633260070353785385e-07
-3.116624893685448316e-07
-3.459755542139966775e-07
-3.168286512353201413e-07
-2.844705073150913777e-07
-2.856298131999984092e-07
-3.393339464721121590e-07
-3.296078607167856083e-07
-3.054226792631994691e-07
-3.443750925623288165e-07
-2.991936589991926248e-07
-3.113017970137786803e-07
-2.949719505967986953e-07
-2.775015211487002356e-07
-3.191320816747608498e-07
-3.358166470770132533e-07
-3.120262510436041195e-07
-3.009785868004833435e-07
-3.205740247383617470e-07
-3.384537126323274943e-07
-3.541056406371586165e-07
-3.289737155340492870e-07
-2.586926555613509605e-07
-2.481612273813943961e-07
-3.426618451949629979e-07
-3.505842330748979977e-07
-2.686564719784658138e-07
-2.725137340112734680e-07
-3.406519362161789594e-07
-3.299363252084728722e-07
-3.406316550920875907e-07
-3.043154573826527975e-07
-3.017082114544950512e-07
-2.712120588850729906e-07
-2.737670555377776249e-07
-3.229571630648018920e-07
-3.278911898767850111e-07
-3.343816453993063054e-07
-2.993988312557166946e-07
-3.321387986204226120e-07
-3.352276917330556181e-07
-3.496782169446502971e-07
-2.968136136032018071e-07
-2.899902076593339678e-07
-3.358920106952899702e-07
-3.297850077180168959e-07
-3.350969150784081547e-07
-2.931602252683325549e-07
-2.830904228604770257e-07
-3.259812226887796083e-07
-2.645114965834024173e-07
-3.434540603728004078e-07
-3.319348068717036803e-07
-2.897652737021527646e-07
-3.081636767256735293e-07
-3.583882396321389278e-07
-2.717492135465434419e-07
-3.518486041544577640e-07
-2.933141398759597079e-07
-3.029232373078021958e-07
-3.321030764542406917e-07
-3.092298169346032280e-07
-3.002254700411504100e-07
-3.028482750621791846e-07
-2.947814874675260200e-07
-3.315824016817292626e-07
-3.031523030423011440e-07
-2.976011539701310460e-07
-2.920759052392045665e-07
-3.167372327108942456e-07
-3.185274727973077943e-07
-3.042506711143096772e-07
-3.345006641962150871e-07
-3.510541224016346287e-07
-3.190234041262246054e-07
-3.209805916264335189e-07
-3.655508526887203268e-07
-2.772463661917088850e-07
-3.184366445267844412e-07
-2.974604138296086663e-07
-2.740154579901239161e-07
-3.429127739340121586e-07
-3.379061458920162515e-07
-3.394897262820713847e-07
-3.575845026981238956e-07
-2.932282697382177017e-07
-2.756693022047378048e-07
-2.808408235769482200e-07
-3.453914625621960502e-07
-3.315620025068573641e-07
-3.366698472880614370e-07
-3.254308227297360766e-07
-3.221311617535829416e-07
-3.340337025288351370e-07
-2.735925764841858742e-07
-2.848637816852778466e-07
-2.684849678045428607e-07
-3.104496592597551051e-07
-2.999908323098114346e-07
-2.963220029328516309e-07
-2.789421892638716027e-07
-3.374938181258556685e-07
-2.997077937584639162e-07
-2.737500326152282826e-07
-2.807560158962308221e-07
-3.620523469778783910e-07
-3.393127445519327963e-07
-3.220350448080927902e-07
-2.936935314743583842e-07
-3.138200326534329765e-07
-2.731665312173301978e-07
-2.839206739997943037e-07
-2.605637368222568084e-07
-2.662212260375091183e-07
-3.066331247462228876e-07
-3.231755806188989894e-07
-3.465074202005003305e-07
-3.297460273502928961e-07
-3.261723941227353029e-07
-2.950529806525398313e-07
-2.673427556726534258e-07
-2.855705044878708712e-07
-3.262789467572223836e-07
-3.192770716433815572e-07
-3.275745304631486514e-07
-3.447393028303540854e-07
-2.660458497979854584e-07
-3.335524803271696676e-07
-2.755611676897918804e-07
-2.971021297107649077e-07
-2.347455825320507447e-07
-2.763950311829927210e-07
-2.975805186936981411e-07
-3.290989201918567233e-07
-3.321766457006536432e-07
-2.790109420384398747e-07
-2.811850596529114338e-07
-3.160852854704572025e-07
-2.924443181150159405e-07
-2.694472233266249097e-07
-2.998415452927801772e-07
-3.268381296943357466e-07
-3.029358923514727337e-07
-3.258958011440035302e-07
-2.992910745032683911e-07
-2.651272258443793895e-07
-3.260863351037445127e-07
-2.480630563523234409e-07
-3.054418034896418904e-07
-3.401318753077261577e-07
-3.345260687241805549e-07
-3.079953835329804331e-07
-3.350593513200502995e-07
-3.375462798927137022e-07
-2.705937561170809265e-07
-2.988088606750466735e-07
-2.629075878489436929e-07
-3.150082137592524240e-07
-2.573120752934584579e-07
-3.013429859497573964e-07
-3.408217640690186768e-07
-3.401659447629809800e-07
-3.204657013421669857e-07
-2.875685375581357512e-07
-2.848067159379799492e-07
-3.321599533202897522e-07
-3.221806014204599553e-07
-2.767963566164099170e-07
-3.078270431199751145e-07
-3.233859943300775820e-07
-3.068618599385364374e-07
-3.095020892547683658e-07
-2.753814944018577234e-07
-3.482208800592710709e-07
-3.235364854650700094e-07
-2.770211961329666753e-07
-3.599844278455523764e-07
-3.046751345007065628e-07
-3.070773970535891292e-07
-3.317317831393849120e-07
-3.365139022070095121e-07
-2.961199236067769413e-07
-3.335765626863934358e-07
-3.516698988829237704e-07
-2.773321418888264463e-07
-2.574377521543879599e-07
-2.863342694276057084e-07
-3.178166654377091414e-07
-3.120830570791848728e-07
-3.250461188462145172e-07
-2.947039989352001393e-07
-2.765274841587234201e-07
-3.188728185506077860e-07
-2.814245610764073642e-07
-2.525712503888558052e-07
-3.355388263701642260e-07
-3.046307001869231185e-07
-2.583740128946019985e-07
-3.205945655741702070e-07
-2.975434507486184365e-07
-3.373777505984595467e-07
-3.298511633754139382e-07
-3.136463327349925524e-07
-2.556536507085608432e-07
-2.804606056230859947e-07
-3.341123715689661028e-07
-2.862011789776602443e-07
-3.002213618739886968e-07
-3.123478213697096565e-07
-3.317945153241471757e-07
-2.949844403693764810e-07
-2.719359934914641944e-07
-2.559990436821730573e-07
-3.103468370299320638e-07
-2.891519290669421003e-07
-3.242080763553836562e-07
-3.090487270373029265e-07
-2.738846341151642302e-07
-3.260001108136609703e-07
-3.291454558095332466e-07
-3.402770069372834795e-07
-2.456967756773398861e-07
-2.636066373508037171e-07
-3.672318485828511733e-07
-3.374633610244844088e-07
-3.080908630042558196e-07
-3.330197643750463808e-07
-2.837880321428147677e-07
-2.884175115512417449e-07
-2.943604239436078282e-07
-2.720703116695269132e-07
-2.707178274873955001e-07
-2.822066711074332433e-07
-3.252465218512060240e-07
-3.196945700337284618e-07
-3.090031122157143971e-07
-3.258995315486676225e-07
-3.258294802155137887e-07
-2.376896745573118804e-07
-3.152045558173944401e-07
-3.173454775523869484e-07
-2.968326669991759212e-07
-2.869486765198409811e-07
-2.640384907160604272e-07
-3.154465126971249327e-07
-3.001532229634791052e-07
-3.040865805294026862e-07
-2.806523437007881470e-07
-2.845144694257527562e-07
-2.552423145689565084e-07
-2.988357762530026249e-07
-3.118474985517579564e-07
-2.465256338174471573e-07
-2.545784441996881373e-07
-2.563574694619533774e-07
-3.293178099490758864e-07
-3.258278038944305530e-07
-3.035303252516459512e-07
-3.024591324693105136e-07
-3.524668597021376585e-07
-2.769077021125856983e-07
-3.194961266716934195e-07
-2.728227437343329121e-07
-3.333102401255659461e-07
-2.953525699233146262e-07
-2.950562624642379426e-07
-2.865568187590206037e-07
-3.057402594729238227e-07
-2.537798542797032889e-07
-2.819426151215914789e-07
-3.276421027299117853e-07
-3.308909074298218149e-07
-2.748128437921475946e-07
-2.629904122765485944e-07
-2.930146450458093050e-07
-2.778319216731878263e-07
-2.650814693618542456e-07
-2.755309939102939025e-07
-3.162855468145120419e-07
-3.361079727931525053e-07
-3.007578082307760759e-07
-2.368244095564957279e-07
-3.167361938640257749e-07
-3.189499765407482154e-07
-3.105840010479739616e-07
-2.453861840738216513e-07
-3.083395251683192549e-07
-2.559988548009242204e-07
-2.908546463046865449e-07
-2.710326689190120625e-07
-2.832036571691409115e-07
-3.235602608922644640e-07
-2.996014536153817043e-07
-2.765573982265043068e-07
-3.262740830650654286e-07
-2.866717293887677252e-07
-3.363567530079964174e-07
-3.273516505895483047e-07
-2.930121423692625203e-07
-3.031507683821545757e-07
-2.908254169314325927e-07
-3.293875071298881841e-07
-3.400285572646250187e-07
-3.149719249493240989e-07
-2.790071171931513904e-07
-3.420952958891458952e-07
-3.069991529962680067e-07
-3.341726955178059738e-07
-2.523559965956763424e-07
-3.056251127416156948e-07
-2.211378454526634049e-07
-3.186073931757121525e-07
-2.985163308409462516e-07
-3.190234041262246054e-07
-3.560228089227750597e-07
-3.319454786622616688e-07
-3.409190379121578287e-07
-3.060469790108414037e-07
-3.354384123762635774e-07
-3.588225720637863378e-07
-3.079787619830847965e-07
-2.388328547056014788e-07
-3.028142764373927224e-07
-2.652644008513304820e-07
-3.009227723914588383e-07
-2.963649261966445387e-07
-3.050961980246248075e-07
-3.362173586463717691e-07
-3.230681307984799995e-07
-2.800109502001285629e-07
-2.565422189334494110e-07
-2.837175558268511435e-07
-2.610703399417316080e-07
-3.141001435454238669e-07
-2.896467743286782182e-07
-2.603400305931929657e-07
-3.392906690559777151e-07
-3.352043648988271445e-07
-2.668447702601557582e-07
-3.437307950124687420e-07
-2.766954468092311178e-07
-3.166211651834981238e-07
-2.414795768147613224e-07
-3.088379355636267129e-07
-2.718904258901878345e-07
-2.693969100839721246e-07
-2.780581777991106762e-07
-3.170891656977465975e-07
-2.982516137707336903e-07
-2.948729532122641382e-07
-3.185788248868290502e-07
-3.273245461303435164e-07
-3.346509664499587304e-07
-3.121306079335737820e-07
-2.609864058367899815e-07
-3.271543877353184006e-07
-3.012443427175643754e-07
-3.308457648113553513e-07
-3.045337568859694181e-07
-2.450669039328579772e-07
-2.802289899917280393e-07
-3.385684579909819166e-07
-2.849028564936261854e-07
-3.122094894651096695e-07
-3.367622102187313585e-07
-2.474626264725003529e-07
-2.424470029610296930e-07
-2.903778155920560175e-07
-3.073025435021752011e-07
-3.197508802560310645e-07
-2.720262551182410898e-07
-3.107546788664333657e-07
-3.205522089541237570e-07
-3.049239147155504749e-07
-3.328402563582049760e-07
-2.558864940680361061e-07
-2.928112199408367781e-07
-3.073963938726795743e-07
-2.859151419364878436e-07
-2.807336334682463743e-07
-3.038217217982534575e-07
-2.825489003201277700e-07
-2.869427031503472482e-07
-2.909057859028028790e-07
-2.593283117940777653e-07
-3.389968878836039009e-07
-3.071751903201624634e-07
-2.603541022462295952e-07
-2.980748209218439389e-07
-2.840209227226022531e-07
-2.628789723397484211e-07
-3.238017219587168060e-07
-2.929473088806071246e-07
-2.958652880732197731e-07
-3.109145432333981667e-07
-3.415090557131400193e-07
-2.971819320383887892e-07
-2.672842969261455216e-07
-3.118617590860433699e-07
-3.174448054791069568e-07
-2.574528626542930601e-07
-3.138060318308646543e-07
-2.885055302131889468e-07
-3.238666734981526784e-07
-3.123673941891180060e-07
-2.945252228331978915e-07
-2.657258377421826274e-07
-3.452559874864843311e-07
-3.038824235095910023e-07
-3.046700347069886014e-07
-2.513539579605628824e-07
-3.149795510297449297e-07
-2.953417092515078537e-07
-2.892712784060363334e-07
-3.190466837401409094e-07
-2.807049707387388800e-07
-3.140473276262242971e-07
-3.134414674104978492e-07
-3.035365111125446058e-07
-2.836865793020456484e-07
-3.209431459188561404e-07
-2.540220708711508727e-07
-2.945173370410599165e-07
-3.559042151086760684e-07
-3.210464639619573323e-07
-2.676062450147487325e-07
-2.991382223526657935e-07
-3.193020984088494042e-07
-2.706344364160441938e-07
-2.952252639616141110e-07
-3.199163638401480623e-07
-2.991943200835634746e-07
-2.587853726443624181e-07
-2.808016779381315740e-07
-2.972755463073321030e-07
-2.844195093779116051e-07
-3.156985747236670090e-07
-3.006336188096809726e-07
-2.612970918809326084e-07
-3.013668558175762430e-07
-2.752523468479812732e-07
-3.188836556122584738e-07
-3.036090887324013090e-07
-2.687055811031573761e-07
-2.319543426573922066e-07
-2.696317603067160217e-07
-2.988411121482816456e-07
-3.058545798487684016e-07
-2.872396008633264744e-07
-3.444911128694127159e-07
-2.662191955640843465e-07
-3.295707927717059037e-07
-3.174127664972769064e-07
-2.911879272682185412e-07
-2.912003226001719350e-07
-2.413124405197172266e-07
-2.854289852121971120e-07
-2.955343209049857246e-07
-3.088569181291325198e-07
-2.531225003135189178e-07
-3.218789108457920814e-07
-2.659640878274051654e-07
-2.981448958651538575e-07
-2.918103145932162337e-07
-3.378624198829158265e-07
-3.303425379442031079e-07
-2.679651193874949806e-07
-2.899019765059817913e-07
-2.831039514799232822e-07
-2.746290859472078622e-07
-2.526702713835464471e-07
-2.554480062489148135e-07
-3.015257757782969654e-07
-3.202058479641113794e-07
-2.937660618739029180e-07
-2.786850746639237875e-07
-3.210544678048757840e-07
-2.846638272732523208e-07
-3.110079686210926966e-07
-2.726362943315975580e-07
-2.545613976669826573e-07
-2.738265295209979150e-07
-3.386666054098967869e-07
-1.893260405446286295e-07
-2.954540463742398832e-07
-2.859686189400582103e-07
-2.720653063164333438e-07
-3.043411452324914942e-07
-3.221602730760563641e-07
-2.978128898500513383e-07
-3.181973319845373477e-07
-2.751370112354243613e-07
-2.802292733136012682e-07
-3.084144165834739060e-07
-2.715628349742763951e-07
-2.731128889426670790e-07
-2.798235563911491301e-07
-2.975355413463243767e-07
-3.072128957394569331e-07
-3.600844876871115419e-07
-2.839717899877545531e-07
-3.038104833639490641e-07
-3.059434012560231206e-07
-3.174733973781461440e-07
-3.059507912348829450e-07
-2.837097880854936452e-07
-3.045716275763565869e-07
-3.105110692757757221e-07
-2.838584848486223601e-07
-2.639111611442037742e-07
-3.154325354847126952e-07
-2.759025233267106886e-07
-2.838841254781488344e-07
-3.225314483401316141e-07
-2.987852977392571405e-07
-3.236178460629965438e-07
-2.940423243104492393e-07
-3.353320722331813654e-07
-2.940716245141714457e-07
-3.367183189385382872e-07
-2.820801678910401393e-07
-2.885518533394605484e-07
-3.060393765405766576e-07
-2.835190180241917093e-07
-2.465924741693711871e-07
-3.400928477196900414e-07
-2.686312091114369604e-07
-2.300616581036532374e-07
-2.478726404433629882e-07
-2.827846949491157458e-07
-2.907573960717035307e-07
-2.614801650313454063e-07
-3.092519396508705317e-07
-3.132797378412010285e-07
-2.792136824488854140e-07
-2.488194549233544856e-07
-2.885254571849388324e-07
-3.102195546783876862e-07
-3.101929696426171332e-07
-3.090849214066069126e-07
-3.070628295872743491e-07
-3.173524189382808447e-07
-2.672662115465716238e-07
-2.639028975895681783e-07
-2.614638504134791362e-07
-3.059156593226035673e-07
-2.651455237153582618e-07
-2.634114758004667861e-07
-2.701463200487970505e-07
-3.018556804895064585e-07
-2.682239103085260315e-07
-3.080840396691424000e-07
-2.481307702800231893e-07
-2.756411116783523233e-07
-2.593850469991902114e-07
-2.684900203779485996e-07
-2.821000004221656329e-07
-2.873394718236368030e-07
-2.427348815943780286e-07
-2.662931897933071943e-07
-3.405186096646724889e-07
-2.653907624067869186e-07
-2.762684807462875004e-07
-2.660895521969297457e-07
-3.166788211846985638e-07
-2.999094008814165400e-07
-2.209117309876771695e-07
-2.443292518257716800e-07
-3.067772883593800460e-07
-3.061683824335164934e-07
-2.640438030011833102e-07
-3.249290124719499776e-07
-3.157587806217264033e-07
-2.617257578751155992e-07
-2.371848185893886238e-07
-2.959321756454559724e-07
-3.028055642897911984e-07
-2.817619974274132432e-07
-2.881240373108972443e-07
-2.529280706780211968e-07
-3.174346295018270659e-07
-2.406185144217313015e-07
-2.754861818340127844e-07
-2.720560039149292773e-07
-2.585520334716090575e-07
-2.588679373602501754e-07
-3.288905133439467647e-07
-3.013580020090381045e-07
-3.154807946437846238e-07
-2.702982750134677919e-07
-3.006691993149262785e-07
-3.203349955179878296e-07
-2.777616106283169013e-07
-2.803168906028947644e-07
-2.407950711690600465e-07
-2.824223734935786343e-07
-2.784438733091885367e-07
-2.920823980321325346e-07
-2.623108647636286124e-07
-2.542996082561267241e-07
-3.016858998569789106e-07
-2.293888630953783678e-07
-3.027197413723614147e-07
-2.943021068580365384e-07
-3.087546153227437139e-07
-2.841649682849788818e-07
-2.812261177143723219e-07
-2.949701562249349299e-07
-2.612227907196804469e-07
-3.101229655297755219e-07
-3.192632360919059871e-07
-2.091485137435812624e-07
-2.326673457615083042e-07
-3.492587116910347584e-07
-3.177570025732400672e-07
-2.709915872473950367e-07
-2.899586881009381526e-07
-2.984917054481321632e-07
-2.899396583151201762e-07
-2.722943956610884297e-07
-2.706285338770187682e-07
-2.221718994594508042e-07
-3.166135154929211552e-07
-3.090272890155625574e-07
-2.721595344494353379e-07
-2.885557962355295624e-07
-2.887535312928815324e-07
-2.866522746201399054e-07
-2.464939017676464734e-07
-3.287989059382720850e-07
-2.942585461200288656e-07
-3.172922130402214505e-07
-2.754324215085691888e-07
-2.909565713485777300e-07
-2.943304154352024966e-07
-3.267181192708706637e-07
-2.574202806388726895e-07
-3.227914669892799726e-07
-2.569497066176091239e-07
-2.902054142322012082e-07
-2.396473106504867221e-07
-3.115595726980973453e-07
-3.187024948844899181e-07
-2.676450601113799271e-07
-2.493921900900702428e-07
-2.284744417495584305e-07
-2.981942174812503944e-07
-2.771852158874054120e-07
-2.469217177962097775e-07
-2.520593349842581226e-07
-2.685825721898673580e-07
-2.900578743667214937e-07
-2.968300462718486068e-07
-2.762060082732423279e-07
-2.622908905715665573e-07
-2.653363646071285050e-07
-3.232311825365185728e-07
-2.417945362971584146e-07
-2.947540052458236108e-07
-2.937118293453372036e-07
-3.041092934995725324e-07
-3.073186220184804647e-07
-2.696989075906693122e-07
-2.638425264204160849e-07
-2.446947606523825108e-07
-2.627838470208145707e-07
-2.550211582367516199e-07
-2.408722763795126983e-07
-2.783348888286229786e-07
-2.835645384051558467e-07
-3.074871513127346203e-07
-2.958158484063427594e-07
-2.348353955658617120e-07
-2.489189953414794157e-07
-3.171487813419034491e-07
-2.708878206113279696e-07
-2.993600633793976165e-07
-2.774039403735318230e-07
-2.113367738415577582e-07
-3.456634515604879591e-07
-3.090969389760626855e-07
-2.595978689462911968e-07
-3.111780797958056429e-07
-3.070336474343326194e-07
-2.755834084568397138e-07
-2.553369440746122610e-07
-2.566153868072086569e-07
-3.239858103458419898e-07
-2.632687760169879418e-07
-2.616065738071140653e-07
-3.053593568245346628e-07
-2.500354251829057089e-07
-2.659517869360761636e-07
-2.604360767082147570e-07
-3.232000643507764633e-07
-2.569365085403482658e-07
-3.179716188922048180e-07
-2.573322855870815194e-07
-2.866577757865115724e-07
-2.865332558232310708e-07
-2.923463359671937694e-07
-3.155079463233016346e-07
-2.447357714935312294e-07
-2.296758917631070961e-07
-2.861172212625625331e-07
-2.702821728870063905e-07
-3.107179414635390594e-07
-2.486905906913512644e-07
-2.560872748355251809e-07
-3.120731880339343484e-07
-2.983706325676424720e-07
-3.103191895371369553e-07
-2.797530564650293682e-07
-2.827588182180282651e-07
-2.966324528754332513e-07
-3.069533729035867251e-07
-3.201412033567048206e-07
-2.513633311925352561e-07
-2.331881621949563212e-07
-2.899036764372211118e-07
-2.933244811243322451e-07
-2.709422420211424150e-07
-2.691974042649124740e-07
-2.482120600474814165e-07
-2.544057831281161838e-07
-2.577166353182615956e-07
-2.373938393013572361e-07
-2.723724036168485457e-07
-2.975430257658085931e-07
-3.090735649215219895e-07
-2.367842959012788920e-07
-2.290010426712513964e-07
-3.030787574060442773e-07
-2.593510719845598340e-07
-2.498037623312355840e-07
-2.833683380079504450e-07
-2.484860795191980973e-07
-2.869718616931328931e-07
-2.804842629994999196e-07
-3.288424430661236731e-07
-2.810768070871849797e-07
-3.265635435788726080e-07
-2.458695075793801468e-07
-2.523058958444284789e-07
-3.126652363083413109e-07
-2.277682147602435300e-07
-2.767777282032456462e-07
-3.039399850701670504e-07
-2.768019286132499442e-07
-2.616960090784274117e-07
-2.494213014125436652e-07
-2.591802052848516459e-07
-2.371589182481450318e-07
-2.994427697562219883e-07
-3.206610045534404782e-07
-2.554865616338289169e-07
-2.275555580842352703e-07
-3.125204116108133028e-07
-2.792041203356642033e-07
-2.501754570187450694e-07
-2.901465777231956830e-07
-2.510319154313352795e-07
-2.874399802581618436e-07
-2.460633705711314100e-07
-2.880364908520720024e-07
-3.244857790114522068e-07
-2.608638455164658915e-07
-3.010778911170472142e-07
-2.211223335801045727e-07
-3.005414447602598351e-07
-3.133636955562987396e-07
-2.850996235345779919e-07
-2.995564998781640246e-07
-3.265636616296531377e-07
-2.919021344902958351e-07
-2.966919740789657110e-07
-2.184437377602073777e-07
-2.929721939851383571e-07
-3.023653293191183629e-07
-2.482766574345757529e-07
-2.701451867613041879e-07
-2.849073896435977419e-07
-2.909970391561360755e-07
-2.791663440859014265e-07
-3.261294944690984269e-07
-3.311667684937144306e-07
-2.854552869260944361e-07
-2.636631836746673263e-07
-3.162719945849096478e-07
-2.684727613538382509e-07
-3.296560962657014521e-07
-2.836115226157982452e-07
-2.727631044800199227e-07
-2.272521911884841606e-07
-2.624194242613843801e-07
-3.072635631344512543e-07
-3.191167586834508280e-07
-2.835628148637603885e-07
-3.017489389737705409e-07
-2.944806232483216951e-07
-3.091643931920453427e-07
-2.612592684108576620e-07
-2.294116232858604365e-07
-2.821172358361198440e-07
-3.014134622657210735e-07
-3.067754231570480263e-07
-2.900254340122377375e-07
-2.840868894987504585e-07
-2.986898654882939765e-07
-3.118430834525669296e-07
-2.684324115970603821e-07
-3.359096238717418551e-07
-2.724257625696384357e-07
-2.430885145124697539e-07
-2.723568445239775175e-07
-2.610443923801758200e-07
-2.435637397344853528e-07
-3.171123508710385095e-07
-2.832170677378066912e-07
-2.774829163456921025e-07
-3.171473411223812728e-07
-2.545609018537045597e-07
-2.916688661480107288e-07
-2.273193856927496736e-07
-2.942271210022574424e-07
-3.376364234687100679e-07
-2.176353260152842010e-07
-2.612730567420210626e-07
-2.391262345053215344e-07
-3.217107357038794620e-07
-2.864924102531751043e-07
-2.380470851003798410e-07
-2.822888344506672420e-07
-2.309075155561537662e-07
-3.011188075175714879e-07
-2.800808598723457822e-07
-2.820631213583347123e-07
-2.615492011277868542e-07
-2.572410323337483758e-07
-2.539534833676753529e-07
-3.203501532382051522e-07
-2.951370800285741569e-07
-2.996906527851340442e-07
-2.456190982637652214e-07
-2.794994833884968083e-07
-2.663746920521703432e-07
-2.646991264939428565e-07
-2.858630343219712930e-07
-2.912374141554077773e-07
-3.057395511682408034e-07
-2.544892686400918821e-07
-2.706036959927997581e-07
-2.939002620011851071e-07
-3.172742693215841672e-07
-2.775169385806347023e-07
-2.920610544510165575e-07
-3.121095476743310338e-07
-2.815105020446176247e-07
-2.887905047973368450e-07
-2.596545805412475581e-07
-2.999938307996363169e-07
-2.783552171730265698e-07
-3.110220874944414956e-07
-3.071468345226843357e-07
-2.726386081268955058e-07
-2.607820127154172912e-07
-2.536641172944925655e-07
-2.760661889288078892e-07
-2.529614554387490316e-07
-2.882205556290411015e-07
-2.811209108587830256e-07
-2.690268917175458220e-07
-2.995677147023123333e-07
-2.718768028301171331e-07
-2.831668961560905205e-07
-2.650630770502510342e-07
-2.355318951708627026e-07
-3.348189054903102904e-07
-2.852821772615565545e-07
-2.388394891594660614e-07
-2.784971378213540346e-07
-2.245403758789518036e-07
-2.521009124691532461e-07
-2.548813152821610964e-07
-2.536588758398379897e-07
-2.196613843408418103e-07
-3.264050013806495065e-07
-2.834387671036018997e-07
-2.708743864325060522e-07
-2.677309538592780181e-07
-3.381813222613818797e-07
-2.757869043922804949e-07
-2.761930226873863386e-07
-2.829780621275889114e-07
-2.812078198433935025e-07
-2.694849995763876337e-07
-3.220802110367153915e-07
-3.004035850587818080e-07
-2.707405876778775688e-07
-2.845495305075638267e-07
-2.681706930166727561e-07
-3.056915989411981885e-07
-2.927827933128902902e-07
-3.128345447377467930e-07
-2.596239109484714296e-07
-3.146468603201154759e-07
-2.479020350877096395e-07
-2.722567610722622673e-07
-2.418514131632074751e-07
-3.004903759926118082e-07
-2.962796463128051280e-07
-2.913083154541812449e-07
-3.111845253684213886e-07
-2.886920740565487458e-07
-3.045478757593182171e-07
-2.571232648751129336e-07
-3.158619097835787583e-07
-3.096677144998219781e-07
-2.723398216014281751e-07
-2.770747675771614869e-07
-3.341361942164727269e-07
-2.504401976991137683e-07
-3.221250703333086791e-07
-2.599132534114980793e-07
-2.806426399266303219e-07
-3.049464151943153995e-07
-2.778875235908074098e-07
-2.423176665259044059e-07
-3.091432148820220647e-07
-2.617597328897459766e-07
-2.861377384882149084e-07
-2.952572321129758542e-07
-2.766533499009017590e-07
-3.222527068371946457e-07
-2.985602929516076830e-07
-2.438860655855861316e-07
-2.510538728765098839e-07
-2.956958852031898990e-07
-2.332458181961567348e-07
-3.019738021004833839e-07
-3.166021117875240626e-07
-2.484294151445539584e-07
-2.695151733558856645e-07
-2.975748994765459444e-07
-3.019000439728215955e-07
-2.381540863278328763e-07
-3.068515659104760697e-07
-2.331161039985338533e-07
-2.763532884270048983e-07
-2.902079641290602153e-07
-2.333660883313389618e-07
-2.581565869670612023e-07
-3.137836494028802064e-07
-2.775147192259610936e-07
-2.993684449848137421e-07
-2.532841354421913466e-07
-2.973545694998046049e-07
-3.120546776715506074e-07
-2.828794897258641977e-07
-2.829274655630628974e-07
-2.780018439666519887e-07
-3.087610608953595125e-07
-2.532997653655307351e-07
-3.093737680563554647e-07
-2.930512643979230815e-07
-3.134383272597362995e-07
-2.549210747850364226e-07
-2.941391967809346325e-07
-2.884849657672243491e-07
-2.970268605331126358e-07
-2.686772253056791955e-07
-2.845978132767918930e-07
-2.399064793340153939e-07
-2.790494974233539781e-07
-3.072947993709738406e-07
-2.730908606670241143e-07
-2.646463577950555091e-07
-2.280871879691778904e-07
-2.532439273463501452e-07
-3.153369851829690015e-07
-2.601772621770276213e-07
-2.674082266355235336e-07
-2.918562363468340768e-07
-2.890241272919634345e-07
-3.457875701511147552e-07
-2.735063758042584695e-07
-2.625040430608529940e-07
-2.796473301860058365e-07
-2.921880534806877591e-07
-2.646571004160818049e-07
-3.220532246282911328e-07
-2.612821702622762922e-07
-2.897283710281658121e-07
-2.793559808597104998e-07
-2.446382143285189016e-07
-2.823731699282626270e-07
-2.587450464977406869e-07
-2.359892238945531877e-07
-3.080707707614132347e-07
-2.929866434006726075e-07
-3.022487659784441434e-07
-2.545961754269205519e-07
-2.938294315328799467e-07
-2.380751811861409040e-07
-2.801858542365301569e-07
-2.793907586196483414e-07
-2.829826188877164997e-07
-2.874363679042782810e-07
-2.584643453518472011e-07
-2.344533360198235518e-07
-3.200351465354958905e-07
-2.878242355487174748e-07
-2.773085553428808286e-07
-2.721936983453145522e-07
-2.606760267246766154e-07
-2.624806690063122451e-07
-2.902317395562546170e-07
-3.007469711691253881e-07
-2.957962047564661027e-07
-2.942044552523997657e-07
-2.952386745302798907e-07
-3.079362873122578168e-07
-2.736804298750404298e-07
-3.000493618867875932e-07
-3.022871324821094099e-07
-2.901716044886635300e-07
-2.877363821578629722e-07
-3.069928490845888225e-07
-2.919226753261043480e-07
-2.704560144663834291e-07
-3.034611238841117512e-07
-2.945570493236230203e-07
-2.809355239130722799e-07
-3.006606524384174537e-07
-3.066535239210947861e-07
-2.961387172910339113e-07
-2.743405698396447086e-07
-2.606362908319574269e-07
-2.944934435630849322e-07
-2.883595013976997687e-07
-1.977497192589155458e-07
-2.917293553679434049e-07
-2.432135538991844909e-07
-2.806697679959911950e-07
-2.705325822026213688e-07
-2.580751083183541381e-07
-2.882728285146503512e-07
-2.975049661941726403e-07
-2.714783106154321732e-07
-2.771187060776668336e-07
-2.889526829595995939e-07
-2.808269171950042897e-07
-2.542535684517283513e-07
-3.177873652339869350e-07
-2.531953140349366805e-07
-3.077758563015465579e-07
-3.157915987387077803e-07
-2.981443528315635374e-07
-2.795212047321104064e-07
-3.051639119523245559e-07
-2.198518710802705703e-07
-2.418743858450944655e-07
-2.582851914873472794e-07
-2.828355984456710735e-07
-2.342470068656505346e-07
-2.978203978796916923e-07
-2.779666412239043037e-07
-3.222125695718216986e-07
-2.636240616460067651e-07
-2.395332735965153721e-07
-2.966320278926234079e-07
-3.132271108032502426e-07
-2.633151227534156282e-07
-2.417782452894482293e-07
-3.016448417955180225e-07
-2.659596255079019690e-07
-3.005029602058139860e-07
-2.873869518475573520e-07
-2.934546675250772189e-07
-2.825361744459889249e-07
-2.949120752409246994e-07
-2.614026292787073561e-07
-2.514709935043591147e-07
-2.413497445663579377e-07
-2.398396153719352793e-07
-2.579921894501248447e-07
-2.499976489331429850e-07
-2.612548297015104974e-07
-2.549598662715115325e-07
-2.800855819035661227e-07
-1.966914058167336102e-07
-2.988026748141480189e-07
-2.549354533701023658e-07
-2.756706715937917268e-07
-2.753294103974973106e-07
-2.935330296331788181e-07
-2.373729207030511023e-07
-2.961543708245293316e-07
-2.339006458756381834e-07
-3.035107760423936865e-07
-3.091796689630431420e-07
-2.633795076491050429e-07
-3.190272289715130896e-07
-2.708963202675245719e-07
-2.338815688695079845e-07
-2.656925002017670150e-07
-2.676843474111332405e-07
-2.810634437388314225e-07
-2.554924405626982578e-07
-2.753516747747012816e-07
-3.035788205122788862e-07
-2.570721488871526842e-07
-2.713744259285845764e-07
-3.185485566667066274e-07
-2.450700204734633892e-07
-2.081654576739735828e-07
-2.664034964426144520e-07
-2.822303048736910305e-07
-2.708484388709502643e-07
-3.163279978751829898e-07
-2.587488477328730335e-07
-2.804518226450161635e-07
-3.123882419569558326e-07
-2.853796872062567127e-07
-3.093757276993118763e-07
-2.506971706381249691e-07
-2.998013608070950605e-07
-2.258020790108720860e-07
-2.736908655640373590e-07
-2.501838858444734174e-07
-2.435437891525793824e-07
-2.604675254361422649e-07
-2.580283129889605236e-07
-3.014393626069646390e-07
-2.640268981294144447e-07
-2.320516165005313055e-07
-2.670169591286056459e-07
-2.796314405509493569e-07
-2.218266009264630350e-07
-2.944222353322821510e-07
-2.785248325344613655e-07
-3.056397982587110045e-07
-3.032393064675360129e-07
-2.642545236443912165e-07
-2.486474077158412124e-07
-2.532379303667002746e-07
-2.398706391170529439e-07
-3.209078959557962859e-07
-3.027211107614152838e-07
-2.668393871445645679e-07
-2.489002016572224457e-07
-2.777922330007808073e-07
-2.676134461123597200e-07
-2.914529748806165538e-07
-2.846100905579647571e-07
-2.949226525908582431e-07
-2.569239007169899503e-07
-2.551499044179743644e-07
-2.781400814306275837e-07
-2.357537361975945521e-07
-2.593693934656947911e-07
-2.981722836462318747e-07
-2.700130171074467177e-07
-2.920138105286570148e-07
-3.290696199881345168e-07
-2.579350056520464705e-07
-2.433563481232877272e-07
-3.045955210543315183e-07
-2.700226028308240131e-07
-3.127329502360410593e-07
-2.550196235766050516e-07
-2.746902834718235576e-07
-2.750454274399057135e-07
-2.600885824307095167e-07
-2.906909807025893443e-07
-2.702218725483226043e-07
-2.590662154511924654e-07
-2.625091664647270402e-07
-2.555854173574268595e-07
-2.307623367062842219e-07
-2.569536967339903073e-07
-3.379730098540963132e-07
-2.929344413455317179e-07
-3.094283547372626622e-07
-3.004800347442392181e-07
-2.598210557519208570e-07
-2.921607601402341868e-07
-2.163150224759194263e-07
-2.856650867732144014e-07
-3.105923118229217799e-07
-2.554253641092132215e-07
-3.028447099286078444e-07
-2.682229186819697304e-07
-2.826577903600689362e-07
-3.025601603272697895e-07
-3.218472024061474293e-07
-3.029296828804179945e-07
-3.084836887814763603e-07
-3.014249604117426111e-07
-2.470603566328391311e-07
-2.530866128762442983e-07
-2.997076284873711640e-07
-2.997868641712485877e-07
-2.245403758789518036e-07
-3.136347637585027076e-07
-2.865847731838450258e-07
-2.517368674722206763e-07
-3.336556567093342450e-07
-2.157807718636495183e-07
-2.676505376675955623e-07
-2.876413040592412914e-07
-2.783479216347911374e-07
-2.696945633219465926e-07
-2.386137760671335317e-07
-2.549526415637444073e-07
-2.383111883065337750e-07
-2.260087623173866129e-07
-2.085908654666145471e-07
-3.070348515522937893e-07
-2.569820997517807105e-07
-2.544348472302774368e-07
-2.589336444246812896e-07
-2.434686616358636720e-07
-2.860739910667402587e-07
-2.781933223326369969e-07
-2.606145458781877441e-07
-2.525457514202658925e-07
-2.457691880261038902e-07
-2.815333330655680006e-07
-2.549678701144300372e-07
-2.607100253494631305e-07
-2.623640584453258031e-07
-2.658216005353312427e-07
-2.514096070984946353e-07
-2.746415048893173407e-07
-2.505424532851903519e-07
-2.254051686766459169e-07
-3.133437685845489070e-07
-2.534947380346187762e-07
-2.800752878755057550e-07
-2.822672075476780360e-07
-3.079820674049390454e-07
-2.491527831071987044e-07
-2.350570949316569470e-07
-3.233484069615636421e-07
-2.550560304373139064e-07
-3.070958365855045630e-07
-2.521560421836507637e-07
-2.643899042794785437e-07
-2.864011806099979925e-07
-3.012153494458714827e-07
-2.388415668532030028e-07
-2.987233682998023410e-07
-2.627696337068413268e-07
-3.037593437658327299e-07
-2.697495277653514110e-07
-3.149286003128774325e-07
-2.207968439680861328e-07
-2.765732878615607864e-07
-2.881164584507885830e-07
-2.887990988941578393e-07
-2.604714447220551412e-07
-3.108213067269524209e-07
-2.717916173869021144e-07
-2.829113870467576337e-07
-2.572809334975602636e-07
-1.983089258061849936e-07
-2.465455135688848204e-07
-2.820206702976638173e-07
-3.166299481615679550e-07
-2.709736199186016157e-07
-2.589418371488485782e-07
-2.808405402550749911e-07
-2.746619040641892392e-07
-2.502323338847941299e-07
-2.870974913337501727e-07
-2.411197108154588260e-07
-2.859486447479961551e-07
-2.597206181478640707e-07
-2.624433177393593115e-07
-3.338999746046749078e-07
-2.513177872014150339e-07
-2.658870478880452657e-07
-2.877130789337905304e-07
-2.660863412156999417e-07
-2.982080766428821022e-07
-3.101822506317469222e-07
-3.008118518780929004e-07
-2.866154427766212072e-07
-2.796580491968760475e-07
-2.484316817195397367e-07
-2.901479471122496051e-07
-3.002594686659368722e-07
-2.614033611935465131e-07
-3.143080545800556749e-07
-2.768931582564270030e-07
-2.584873180337341915e-07
-3.200718367180779743e-07
-3.160778954915973781e-07
-2.934877453537757401e-07
-2.856953549933368242e-07
-3.000943392341614105e-07
-2.949391797001294878e-07
-2.306487010249666040e-07
-2.726339805362996102e-07
-2.957564924739029989e-07
-2.653066394205964553e-07
-2.819710181393818820e-07
-2.714286348469941531e-07
-3.020383286571094130e-07
-3.222070920156060634e-07
-2.985219972784106708e-07
-2.444791527068615648e-07
-2.294359417466452112e-07
-2.409631518703482210e-07
-2.569834927509907173e-07
-2.790796948130080937e-07
-3.183859535216340351e-07
-2.638950590177424258e-07
-2.931476410551303242e-07
-2.913789098209254518e-07
-3.067530879493758010e-07
-2.368785948647491933e-07
-2.732601218761174269e-07
-2.505089268635259026e-07
-2.784546395403709173e-07
-2.485627416960604290e-07
-2.451729843642230450e-07
-3.198111333744026812e-07
-3.228967918956497986e-07
-2.290863697754030296e-07
-2.620901098040774825e-07
-2.254433462990624259e-07
-2.477349696231337980e-07
-2.997191738537049241e-07
-2.901059446445446382e-07
-2.851650236669797925e-07
-2.616869899987965741e-07
-2.670498480760553831e-07
-2.806922448646000348e-07
-2.601781121426473080e-07
-2.724085271556841717e-07
-3.065041188532830519e-07
-2.526280564244365586e-07
-2.678425354570148059e-07
-2.993400419670233919e-07
-3.105032070937938319e-07
-2.934234785088668022e-07
-2.951485781745956945e-07
-2.637082554626655356e-07
-3.039264328405646562e-07
-2.845734948160071182e-07
-2.783068163530180268e-07
-3.043609541534608501e-07
-3.007056533959473558e-07
-2.868390073447484354e-07
-2.931604849800496461e-07
-2.309064058788169883e-07
-2.615954062032779262e-07
-2.868345922455574086e-07
-2.998653679402868013e-07
-2.746895515569844006e-07
-2.465944810326398212e-07
-2.795462314975782533e-07
-3.266874968984067048e-07
-2.811283952782672949e-07
-2.450916001561403728e-07
-2.539697743753855911e-07
-2.488085706413916283e-07
-2.864133162302342951e-07
-2.790156404595040775e-07
-2.846501806030255347e-07
-2.800019547306538100e-07
-3.212483307966271002e-07
-2.594214066395868967e-07
-2.962524474129759477e-07
-3.182575142724406572e-07
-2.766772669890328281e-07
-2.991370182347046236e-07
-2.737340249293913262e-07
-2.641619246121602357e-07
-2.829296613075803684e-07
-2.752490886464392467e-07
-2.839850352853276336e-07
-2.475610808234445899e-07
-2.457537469840133386e-07
-2.771677679820462264e-07
-2.974873294075646177e-07
-2.704341750719893543e-07
-2.871757826113835176e-07
-2.598980720811246719e-07
-3.111142379337065484e-07
-2.417333387725427192e-07
-2.474744315505512571e-07
-2.413501931593238658e-07
-3.034213407710803402e-07
-2.941256445513322384e-07
-2.735488740852415869e-07
-2.651094710069908902e-07
-2.821684462647045383e-07
-3.372024215792481093e-07
-2.943718984794732281e-07
-2.410750167899582376e-07
-2.832112360292495728e-07
-2.671333808083433038e-07
-2.494564569349791277e-07
-2.810962854659689372e-07
-3.095722586387026764e-07
-2.205939382865478943e-07
-2.954642459616758060e-07
-2.516469599977853171e-07
-2.901867149885686302e-07
-2.928607068280260143e-07
-2.411166414951655835e-07
-2.910801232954580682e-07
-2.586678648974441199e-07
-2.509094259414794967e-07
-2.787787597633354615e-07
-3.087871028975396925e-07
-2.342082625994876207e-07
-2.271566644968965517e-07
-3.092240560565143639e-07
-2.743279620162863931e-07
-2.601079663688690293e-07
-2.613792552241666071e-07
-2.323252345995942542e-07
-2.709598551975943528e-07
-3.026881982038095148e-07
-2.732985356000949688e-07
-2.455076583269650481e-07
-2.872253167188849233e-07
-2.855716613855198715e-07
-2.710467641822047768e-07
-2.720026213519832496e-07
-3.128053861949612010e-07
-2.434541413898611144e-07
-2.478942673463521942e-07
-2.296986519535891649e-07
-2.339942601445815502e-07
-2.645911100297774618e-07
-2.849051466787681013e-07
-2.781441659876332121e-07
-2.897647542787185292e-07
-2.722414853012644679e-07
-2.497829853938660647e-07
-2.862944627044182127e-07
-2.725475673649672839e-07
-2.814893473447504844e-07
-2.605202941350296123e-07
-2.670696097767125165e-07
-2.413792808716412035e-07
-2.398684197623793881e-07
-2.816085550229081030e-07
-2.973086477461867619e-07
-3.048478664027468235e-07
-2.785289643117791635e-07
-2.467826775869267182e-07
-2.474975458933748090e-07
-2.526799043272359120e-07
-2.968375779116450457e-07
-2.450346052393108355e-07
-2.735412716149768408e-07
-2.797400708791734318e-07
-2.170722001821018505e-07
-2.680566087423891836e-07
-2.784586296567521007e-07
-2.254235137679369587e-07
-2.707746335229762534e-07
-2.194849456442935950e-07
-2.486666027727519410e-07
-2.969595479780665931e-07
-2.696756279767530081e-07
-2.509931003347040319e-07
-2.329064930326626984e-07
-3.256409058987292708e-07
-2.945957699796298229e-07
-2.972935844665938312e-07
-2.898108413034291245e-07
-2.695721446625591170e-07
-2.699112573346482847e-07
-2.941962389180763923e-07
-2.401677965417493142e-07
-2.771464007907741645e-07
-2.527389297174902741e-07
-2.979247547696613549e-07
-2.998081133117401199e-07
-2.817488465704646076e-07
-2.989770830372715153e-07
-3.477052814703215184e-07
-2.960979897717584216e-07
-2.555562352044851298e-07
-2.860905181760114505e-07
-2.996744089977360284e-07
-2.582556315719079289e-07
-2.549544359356081727e-07
-3.055448854311820229e-07
-2.804398759060286449e-07
-2.770982360723266279e-07
-2.651608939269805062e-07
-2.622789910528913141e-07
-2.875579129878899851e-07
-2.970304256666839759e-07
-2.773431206114137485e-07
-2.636249352217825365e-07
-2.901926647479062782e-07
-2.385887729118218224e-07
-2.832536398696082452e-07
-2.590856938299764229e-07
-2.685691380110454936e-07
-2.235478049164351358e-07
-2.458736157465418600e-07
-3.234211734626691822e-07
-2.523899007798384125e-07
-2.564369648575478922e-07
-2.942819437847256464e-07
-2.726773287829023614e-07
-2.550644356528861168e-07
-2.599988166172107719e-07
-2.328824106734389301e-07
-2.846955121027408352e-07
-2.950818794836083321e-07
-2.856391392116586134e-07
-2.295844024082128932e-07
-2.687318592068986155e-07
-2.413647370154825611e-07
-2.547400793283605661e-07
-2.561009687260641895e-07
-2.160899468578016616e-07
-2.751816108203005048e-07
-3.106647950021540382e-07
-2.479905023426228224e-07
-2.787039627888052024e-07
-2.714397788406741545e-07
-2.701888891602484751e-07
-2.868623577891330467e-07
-2.436761240775295518e-07
-3.000212894111826414e-07
-2.910371055910407154e-07
-2.666846697916299507e-07
-3.057680958469677680e-07
-2.707187482834834940e-07
-2.753460083372368625e-07
-3.110489794622414152e-07
-2.536644478366780169e-07
-2.698122599501137276e-07
-2.031016694440553598e-07
-2.565587460427206027e-07
-2.824814461041451129e-07
-2.387071778446719768e-07
-2.704133036939953901e-07
-1.917810245760863737e-07
-2.622953765012258914e-07
-2.846413267944873433e-07
-2.539489738278599341e-07
-2.963270555062573698e-07
