1.469244241714477539e+00 -5.144419074058532715e-01
1.746364116668701172e+00 -7.270843982696533203e-01
-2.335317373275756836e+00 -5.878572940826416016e+00
1.685759305953979492e+00 -2.022554278373718262e-01
-1.267383217811584473e+00 -2.409384727478027344e+00
-3.609552145004272461e+00 -4.566146850585937500e+00
3.550491034984588623e-01 -1.946306228637695312e-01
-3.177535295486450195e+00 -4.036612510681152344e+00
-1.257876276969909668e+00 -2.408323049545288086e+00
1.750634789466857910e+00 -7.171522378921508789e-01
-6.183393478393554688e+00 3.471901714801788330e-01
3.824596703052520752e-01 -2.309456169605255127e-01
2.914413928985595703e+00 8.307501673698425293e-01
2.109145641326904297e+00 -1.927168488502502441e+00
-9.725627899169921875e-01 -5.724171638488769531e+00
1.739341616630554199e+00 -7.269474267959594727e-01
-3.045371770858764648e+00 -4.046422481536865234e+00
-1.069672703742980957e+00 4.848204612731933594e+00
6.640923023223876953e-01 -4.471149146556854248e-01
2.804713249206542969e+00 3.015952408313751221e-01
1.837342023849487305e+00 -2.111379504203796387e-01
-2.715039014816284180e+00 -5.065742492675781250e+00
-2.962578058242797852e+00 -4.402218341827392578e+00
1.742108583450317383e+00 -7.179370522499084473e-01
-1.384401321411132812e+00 -7.129220008850097656e+00
-2.517969846725463867e+00 -5.548325061798095703e+00
-2.547016382217407227e+00 -5.414188861846923828e+00
-2.803407430648803711e+00 -4.018667042255401611e-01
1.859822988510131836e+00 -1.959659755229949951e-01
5.805955529212951660e-01 1.298533916473388672e+00
-7.304484844207763672e-01 1.665106415748596191e-02
-8.414332270622253418e-01 1.768515706062316895e+00
2.003982067108154297e+00 -1.421936511993408203e+00
1.619281172752380371e+00 -5.878617167472839355e-01
2.043531894683837891e+00 7.052863389253616333e-02
1.572580814361572266e+00 -8.283924460411071777e-01
-2.871395349502563477e+00 -4.635129928588867188e+00
2.180536508560180664e+00 -1.431832909584045410e+00
2.024760484695434570e+00 -9.350225925445556641e-01
6.164366006851196289e-02 9.988076090812683105e-01
1.054452180862426758e+00 5.442951917648315430e-01
2.011042594909667969e+00 -5.161096453666687012e-01
-1.220804691314697266e+00 5.395041406154632568e-02
2.171108961105346680e+00 2.853801846504211426e-01
5.746297240257263184e-01 -7.296571135520935059e-02
-9.042456150054931641e-01 2.749052524566650391e+00
-9.442673921585083008e-01 -4.544143676757812500e-01
8.594568818807601929e-02 -2.603705525398254395e-01
-4.936636924743652344e+00 1.704660207033157349e-01
-2.778555154800415039e+00 -4.815136432647705078e+00
