8.128668069839477539e-01 -2.285076826810836792e-01
7.739764451980590820e-01 -5.809502005577087402e-01
-1.256658911705017090e+00 -4.389823913574218750e+00
1.003089308738708496e+00 9.694770723581314087e-02
-9.158053398132324219e-01 -1.625603556632995605e+00
-2.809092760086059570e+00 -3.541591882705688477e+00
-5.564046278595924377e-02 -3.144104033708572388e-02
-2.269104957580566406e+00 -2.996829271316528320e+00
-9.217348098754882812e-01 -1.630811095237731934e+00
7.814733982086181641e-01 -5.789141654968261719e-01
-3.676413774490356445e+00 1.153282046318054199e+00
-7.427000999450683594e-02 -1.181477867066860199e-02
1.341369509696960449e+00 1.868392676115036011e-01
1.370773077011108398e+00 -1.608716607093811035e+00
-7.629408687353134155e-02 -3.837921380996704102e+00
7.404293417930603027e-01 -5.380465388298034668e-01
-2.222587585449218750e+00 -3.035284519195556641e+00
2.329775542020797729e-01 2.959356784820556641e+00
-3.826443105936050415e-02 -3.083997368812561035e-01
2.152058839797973633e+00 3.553832471370697021e-01
1.436694741249084473e+00 1.362588554620742798e-01
-1.784387111663818359e+00 -3.724375247955322266e+00
-2.084579467773437500e+00 -3.274779081344604492e+00
7.396991252899169922e-01 -5.477812886238098145e-01
-1.926472634077072144e-01 -5.317378520965576172e+00
-1.505965352058410645e+00 -4.123362541198730469e+00
-1.431749343872070312e+00 -4.026328086853027344e+00
-1.182522535324096680e+00 -8.280553817749023438e-01
9.100363254547119141e-01 -1.008893474936485291e-01
7.988689094781875610e-02 6.110265254974365234e-01
-1.960113644599914551e+00 1.875684261322021484e-01
-9.157836437225341797e-01 1.359126925468444824e+00
1.536496639251708984e+00 -6.950296163558959961e-01
7.127351760864257812e-01 -4.173303246498107910e-01
1.488457322120666504e+00 2.175110429525375366e-01
6.245200037956237793e-01 -6.421400904655456543e-01
-1.961708545684814453e+00 -3.404727935791015625e+00
1.136442303657531738e+00 -9.816873073577880859e-01
1.031054019927978516e+00 -8.258588314056396484e-01
-2.739189565181732178e-01 6.175320744514465332e-01
2.845064103603363037e-01 3.905584514141082764e-01
1.489550471305847168e+00 -2.124947011470794678e-01
-1.118992805480957031e+00 6.303861737251281738e-02
1.815078258514404297e+00 1.091717183589935303e-01
-2.074915617704391479e-01 9.529227763414382935e-02
-3.720765709877014160e-01 1.987275481224060059e+00
2.279443979263305664e+00 5.362427234649658203e-01
-3.647877871990203857e-01 -2.623597681522369385e-01
8.894833922386169434e-01 -4.926540330052375793e-02
-1.764215588569641113e+00 -3.610801935195922852e+00
