2.183001190423965454e-01 1.159788742661476135e-01
4.049103260040283203e-01 -3.767918646335601807e-01
-3.881245851516723633e-01 -3.079220771789550781e+00
3.024664521217346191e-01 2.950364649295806885e-01
-2.235512286424636841e-01 -1.413517832756042480e+00
-2.240983247756958008e+00 -2.337845325469970703e+00
-2.185287475585937500e-01 3.386525511741638184e-01
-1.467434644699096680e+00 -2.327291488647460938e+00
-7.702881693840026855e-01 -8.561298847198486328e-01
3.839199244976043701e-01 -3.597044646739959717e-01
-1.174651861190795898e+00 1.369667053222656250e+00
-2.171945422887802124e-01 3.408113420009613037e-01
8.889577984809875488e-01 -4.886132851243019104e-02
8.496652841567993164e-01 -3.465492725372314453e-01
9.629229307174682617e-01 -1.832323908805847168e+00
4.326035082340240479e-01 -3.488222658634185791e-01
-1.466883182525634766e+00 -2.323122024536132812e+00
1.249301210045814514e-01 2.412117004394531250e+00
-3.741229474544525146e-01 -3.546940088272094727e-01
1.096778631210327148e+00 5.244225859642028809e-01
9.159414172172546387e-01 1.090302318334579468e-01
-1.113457441329956055e+00 -2.712171316146850586e+00
-1.421459197998046875e+00 -2.397057771682739258e+00
7.510850429534912109e-01 -3.987356126308441162e-01
8.369213938713073730e-01 -3.577234983444213867e+00
-6.877802610397338867e-01 -2.904025793075561523e+00
-5.488628745079040527e-01 -2.814457416534423828e+00
-6.234924197196960449e-01 -1.707947105169296265e-01
4.479814767837524414e-01 -1.881672292947769165e-01
1.067957878112792969e+00 3.338593244552612305e-01
-2.491522312164306641e+00 -7.357453107833862305e-01
7.870615124702453613e-01 1.100980281829833984e+00
6.119842529296875000e-01 1.610383689403533936e-01
2.553994357585906982e-01 -2.034400850534439087e-01
1.296147108078002930e+00 3.515795618295669556e-02
1.347587704658508301e-01 -5.049726963043212891e-01
-1.332495570182800293e+00 -2.499223709106445312e+00
1.663770675659179688e-01 -2.121676802635192871e-01
5.273409485816955566e-01 -6.199218630790710449e-01
8.847742527723312378e-02 2.844727337360382080e-01
1.055244326591491699e+00 3.784441053867340088e-01
9.248272776603698730e-01 -2.604454457759857178e-01
8.413792848587036133e-01 5.540647506713867188e-01
1.728495121002197266e+00 -1.076036810874938965e+00
-5.922413468360900879e-01 2.980270087718963623e-01
3.778046369552612305e-01 1.436571836471557617e+00
1.857710957527160645e+00 2.349773049354553223e-01
-1.706630289554595947e-01 -3.332743048667907715e-01
1.543148010969161987e-01 5.766913294792175293e-01
-9.640130996704101562e-01 -2.594266176223754883e+00
