1.181161999702453613e+00 -4.455273449420928955e-01
1.327347397804260254e+00 -5.764262676239013672e-01
-1.801884293556213379e+00 -5.286559104919433594e+00
1.451293230056762695e+00 -8.680842816829681396e-02
-1.056733369827270508e+00 -2.072925806045532227e+00
-3.217480897903442383e+00 -4.066681861877441406e+00
-5.916114896535873413e-03 -1.469110101461410522e-01
-2.749367952346801758e+00 -3.581470012664794922e+00
-1.066507697105407715e+00 -2.059799432754516602e+00
1.349970102310180664e+00 -6.506470441818237305e-01
-5.077865600585937500e+00 7.251496315002441406e-01
-1.165576651692390442e-02 -1.435521841049194336e-01
2.368512153625488281e+00 4.301232993602752686e-01
1.710030913352966309e+00 -1.833498358726501465e+00
-4.844761788845062256e-01 -4.909843444824218750e+00
1.360021948814392090e+00 -6.131962537765502930e-01
-2.681735038757324219e+00 -3.628713607788085938e+00
-6.255114078521728516e-01 4.049500465393066406e+00
2.504003345966339111e-01 -4.149208664894104004e-01
2.803866147994995117e+00 3.579367995262145996e-01
1.630916357040405273e+00 -1.484910100698471069e-01
-2.267886877059936523e+00 -4.527553081512451172e+00
-2.523856401443481445e+00 -3.952732324600219727e+00
1.332394719123840332e+00 -6.279370784759521484e-01
-7.967986464500427246e-01 -6.400701999664306641e+00
-2.013761520385742188e+00 -4.968226909637451172e+00
-1.978134274482727051e+00 -4.852581977844238281e+00
-2.547418117523193359e+00 -2.845324575901031494e-01
1.502155423164367676e+00 -2.023354917764663696e-01
2.748887836933135986e-01 1.024865627288818359e+00
-1.107026219367980957e+00 8.226446807384490967e-02
-7.931438088417053223e-01 1.548152804374694824e+00
1.693336606025695801e+00 -1.124186277389526367e+00
1.232588052749633789e+00 -5.193980932235717773e-01
1.939804077148437500e+00 1.754890531301498413e-01
1.183471798896789551e+00 -6.987743377685546875e-01
-2.422298669815063477e+00 -4.153153419494628906e+00
1.729163289070129395e+00 -1.307972669601440430e+00
1.572936892509460449e+00 -9.435835480690002441e-01
-9.609991312026977539e-02 9.478697180747985840e-01
6.754555702209472656e-01 5.663384795188903809e-01
1.702344417572021484e+00 -4.764682054519653320e-01
-1.589790582656860352e+00 1.738274544477462769e-01
1.843298673629760742e+00 2.012188285589218140e-01
2.838833928108215332e-01 -3.538391366600990295e-02
-5.882825851440429688e-01 2.350342035293579102e+00
1.709898829460144043e+00 -2.581140995025634766e-01
-2.655997574329376221e-01 -2.332338243722915649e-01
-2.952665567398071289e+00 1.460708528757095337e-01
-2.272257328033447266e+00 -4.333688735961914062e+00
