1.039461970329284668e+00 3.581531047821044922e-01
-1.330387219786643982e-02 -5.444406867027282715e-01
1.178687810897827148e+00 3.845027685165405273e-01
1.941462039947509766e+00 7.914980649948120117e-01
4.353185743093490601e-02 7.000865936279296875e-01
-1.535287141799926758e+00 -4.126791357994079590e-01
9.563032984733581543e-01 1.614783167839050293e+00
-3.656187951564788818e-01 -1.302440404891967773e+00
-2.182417809963226318e-01 2.699550092220306396e-01
6.324604898691177368e-02 1.103318452835083008e+00
2.922672331333160400e-01 4.242256581783294678e-01
-8.124929070472717285e-01 -1.285186171531677246e+00
7.813079357147216797e-01 -9.267894029617309570e-01
2.164163142442703247e-01 -3.434478640556335449e-01
-4.188300073146820068e-01 2.229182869195938110e-01
7.968871593475341797e-01 -1.848416328430175781e-01
-9.114620089530944824e-01 -6.619478762149810791e-02
-7.115235924720764160e-01 1.046686768531799316e+00
-5.936701297760009766e-01 -1.268765211105346680e+00
9.295023232698440552e-02 -6.660997271537780762e-01
9.133735299110412598e-01 1.377295255661010742e+00
1.365037918090820312e+00 6.496310830116271973e-01
4.665571153163909912e-01 -1.026307463645935059e+00
1.803669780492782593e-01 1.083318665623664856e-01
1.940657138824462891e+00 -1.073098540306091309e+00
1.140350699424743652e+00 -8.988206833600997925e-02
7.197962403297424316e-01 -1.835319042205810547e+00
-1.501994114369153976e-02 1.379380941390991211e+00
-3.026388287544250488e-01 2.357854694128036499e-01
3.871819078922271729e-01 1.111234784126281738e+00
-1.142777800559997559e+00 3.758539631962776184e-02
2.686276435852050781e+00 1.225763678550720215e+00
-1.910639107227325439e-01 -1.279269903898239136e-01
-8.293668627738952637e-01 -1.407256603240966797e+00
1.626846671104431152e+00 1.722732037305831909e-01
-1.611502408981323242e+00 -4.794477820396423340e-01
1.673928946256637573e-01 3.753627240657806396e-01
5.736545920372009277e-01 9.979313015937805176e-01
5.536094307899475098e-01 6.880439072847366333e-02
8.528600931167602539e-01 -9.489635005593299866e-03
7.611109018325805664e-01 6.183008551597595215e-01
-3.093844652175903320e-01 -1.777780652046203613e-01
5.966874361038208008e-01 1.482953578233718872e-01
1.102458685636520386e-01 -8.188120126724243164e-01
6.327660679817199707e-01 -1.916879653930664062e+00
-5.496301054954528809e-01 5.434718132019042969e-01
7.817313075065612793e-01 9.896925687789916992e-01
4.147133529186248779e-01 -1.508950948715209961e+00
2.036036968231201172e+00 1.315904557704925537e-01
-6.439492106437683105e-02 -1.102223634719848633e+00
