3.599813938140869 0.8835602402687073
2.99080491065979 0.6758067607879639
2.2370898723602295 0.6060776710510254
1.686586618423462 0.6238717436790466
1.3528401851654053 0.6364985704421997
1.1290690898895264 0.6572996377944946
1.0075799226760864 0.6768566966056824
0.8906621336936951 0.719207227230072
###Depth finished!
1.5308382511138916 2.3641698360443115
0.9679244756698608 1.5413378477096558
0.8442886471748352 1.0299253463745117
0.8929277658462524 0.8228481411933899
###Depth finished!
1.5895278453826904 0.9116851687431335
1.3001755475997925 0.909391462802887
1.060528039932251 0.9313863515853882
0.9895431995391846 0.9247745275497437
0.8858951330184937 1.0115394592285156
0.8466077446937561 1.0744386911392212
0.7686370015144348 1.1708322763442993
0.7521127462387085 1.0728906393051147
###Depth finished!
2.7074503898620605 0.5002533197402954
2.172945976257324 0.5584635138511658
1.7633448839187622 0.5930685997009277
1.434866189956665 0.6229339241981506
1.2697112560272217 0.7104498147964478
1.1580175161361694 0.75252366065979
1.0642014741897583 0.8243541121482849
0.9837435483932495 0.8164070844650269
###Depth finished!
1.413346529006958 0.9688963294029236
1.0991127490997314 0.7360537052154541
0.9247427582740784 0.6780370473861694
0.8430860638618469 0.680507242679596
###Depth finished!
1.0948665142059326 1.007948637008667
0.9505090713500977 1.0124152898788452
0.8280445337295532 1.0410945415496826
0.7687427401542664 0.9699554443359375
0.6883872151374817 1.020423412322998
0.6676594018936157 1.0178662538528442
0.6244948506355286 1.1029969453811646
0.650344729423523 0.9645587205886841
###Depth finished!
1.4537243843078613 0.761137843132019
1.497481346130371 0.682502269744873
1.5587565898895264 0.611645519733429
1.4451956748962402 0.6575548052787781
1.4045525789260864 0.6908233761787415
1.3239666223526 0.6958842277526855
1.377994418144226 0.7188323140144348
1.2847874164581299 0.7807092666625977
###Depth finished!
2.518869638442993 0.35241374373435974
1.9220198392868042 0.3734878897666931
1.6196973323822021 0.40913113951683044
1.5005367994308472 0.4458251893520355
###Depth finished!
1.6565934419631958 0.6366144418716431
1.3923430442810059 0.675589382648468
1.2201393842697144 0.7104167938232422
1.1042627096176147 0.7314383387565613
0.99686598777771 0.7480044364929199
0.9395954012870789 0.7693789601325989
0.8945695757865906 0.7716756463050842
0.9100592732429504 0.7611566185951233
###Depth finished!
2.084073305130005 1.2957080602645874
1.9104150533676147 1.2584619522094727
1.7539740800857544 1.230039358139038
1.603384256362915 1.2176216840744019
1.4726897478103638 1.2150763273239136
1.3905524015426636 1.1970802545547485
1.298836588859558 1.1759554147720337
1.2530343532562256 1.1729458570480347
1.201690435409546 1.1447218656539917
1.1284689903259277 1.196149230003357
1.0659077167510986 1.1675598621368408
1.00691819190979 1.1218311786651611
0.990669846534729 1.129154086112976
0.9385880827903748 1.132612943649292
0.902891218662262 1.0838825702667236
0.8739838004112244 1.0708318948745728
0.8321629762649536 1.0765336751937866
0.8299083709716797 1.0756030082702637
0.8087804317474365 1.0700942277908325
0.715674877166748 1.1029725074768066
0.7265009880065918 1.026485562324524
0.7239755988121033 1.0673935413360596
0.6984696388244629 1.0339632034301758
0.6954241394996643 1.0312142372131348
0.6778403520584106 1.0406471490859985
0.6471808552742004 1.0565506219863892
0.649962306022644 1.036175012588501
0.6386354565620422 1.0349117517471313
0.6166166663169861 1.0724159479141235
0.6234637498855591 1.036920189857483
0.6214401125907898 1.021772027015686
0.6077209711074829 1.0333446264266968
0.5981199145317078 1.0568394660949707
0.5913164615631104 1.0438653230667114
0.5857656002044678 1.0510179996490479
0.5802810192108154 1.0545846223831177
0.5934747457504272 1.0557911396026611
0.573974609375 1.0903974771499634
0.5632504224777222 1.0923551321029663
0.5658780336380005 1.067344307899475
0.5820794105529785 1.0734659433364868
0.560941755771637 1.0773836374282837
0.5548825263977051 1.0718297958374023
0.5521209836006165 1.0674349069595337
0.5515061616897583 1.1060261726379395
0.5458619594573975 1.1294437646865845
0.5483061671257019 1.1027767658233643
0.5338525176048279 1.109358549118042
0.5234880447387695 1.120098352432251
0.5368531346321106 1.1192927360534668
0.5301821231842041 1.09778892993927
0.524213969707489 1.084545373916626
0.5224330425262451 1.1086399555206299
0.5357342958450317 1.1159753799438477
0.508949875831604 1.124082326889038
0.5207521915435791 1.1247941255569458
0.504132866859436 1.1244419813156128
0.513987123966217 1.1373969316482544
0.5022426843643188 1.141558289527893
0.5303593873977661 1.135955572128296
###Depth finished!
1.326181411743164 0.9350725412368774
0.8217539191246033 1.040785312652588
0.6450505256652832 1.1218971014022827
0.5795046091079712 1.1657613515853882
0.5611885786056519 1.149480938911438
0.5004456043243408 1.2640681266784668
0.4749952256679535 1.380447268486023
0.47899580001831055 1.33632230758667
0.47248509526252747 1.3388334512710571
0.45708924531936646 1.428256869316101
0.45190685987472534 1.4962657690048218
0.4315416216850281 1.4259748458862305
0.42831844091415405 1.4720618724822998
0.43076756596565247 1.5297716856002808
0.3919588029384613 1.5067999362945557
0.35071831941604614 1.4472728967666626
###Depth finished!
