8.279205322265625000e+00
8.092511177062988281e+00
-5.212343692779541016e+00
8.279764175415039062e+00
-2.187865018844604492e+00
-4.937637329101562500e+00
7.010705947875976562e+00
3.808530330657958984e+00
-2.191067695617675781e+00
8.087396621704101562e+00
3.558339357376098633e+00
7.013764381408691406e+00
1.331378841400146484e+01
7.520248889923095703e+00
-1.896342039108276367e+00
8.091889381408691406e+00
-5.264839649200439453e+00
1.165385627746582031e+01
8.154232025146484375e+00
7.965494155883789062e+00
8.284482955932617188e+00
-5.283092975616455078e+00
-5.284731388092041016e+00
8.090948104858398438e+00
-5.287292480468750000e+00
-5.223330020904541016e+00
-5.277507781982421875e+00
-1.159239783883094788e-01
8.308094024658203125e+00
4.099106788635253906e+00
4.751623630523681641e+00
-1.560031920671463013e-01
7.258657932281494141e+00
8.261364936828613281e+00
8.111001968383789062e+00
8.260840415954589844e+00
-5.290596961975097656e+00
7.928976535797119141e+00
8.280068397521972656e+00
2.243369579315185547e+00
4.105159282684326172e+00
8.309880256652832031e+00
3.872089147567749023e+00
8.314593315124511719e+00
6.483853816986083984e+00
-1.436506748199462891e+00
2.801358699798583984e+00
4.898263931274414062e+00
3.459219694137573242e+00
-1.092447787523269653e-01
