8.688144683837890625e+00
8.483780860900878906e+00
-5.383877277374267578e+00
8.727710723876953125e+00
-2.268973112106323242e+00
-5.158421516418457031e+00
7.416785240173339844e+00
3.875319957733154297e+00
-2.266361951828002930e+00
8.488285064697265625e+00
3.723809957504272461e+00
7.417890071868896484e+00
1.426477336883544922e+01
7.872725486755371094e+00
-2.091286182403564453e+00
8.484656333923339844e+00
-5.394207954406738281e+00
1.181725120544433594e+01
8.568094253540039062e+00
8.371500968933105469e+00
8.723204612731933594e+00
-5.380204200744628906e+00
-5.290717124938964844e+00
8.487487792968750000e+00
-5.398540019989013672e+00
-5.381437301635742188e+00
-5.396361827850341797e+00
-2.130259275436401367e-01
8.775481224060058594e+00
4.306318759918212891e+00
5.071310043334960938e+00
-3.275136053562164307e-01
7.600995063781738281e+00
8.676442146301269531e+00
8.521468162536621094e+00
8.685324668884277344e+00
-5.380104064941406250e+00
8.351459503173828125e+00
8.727340698242187500e+00
2.251224279403686523e+00
4.468530178070068359e+00
8.769103050231933594e+00
4.057456016540527344e+00
8.779683113098144531e+00
6.926455020904541016e+00
-1.637801527976989746e+00
2.975101947784423828e+00
5.182195663452148438e+00
3.540977001190185547e+00
-2.153233587741851807e-01
