7.873418807983398438e+00
7.694484233856201172e+00
-5.184891223907470703e+00
7.868698120117187500e+00
-2.075991630554199219e+00
-4.667938232421875000e+00
6.637259483337402344e+00
3.631285429000854492e+00
-2.083335638046264648e+00
7.691034793853759766e+00
3.422098875045776367e+00
6.627389430999755859e+00
1.241186618804931641e+01
7.111990928649902344e+00
-1.711432218551635742e+00
7.695229530334472656e+00
-5.194299221038818359e+00
1.138344192504882812e+01
7.750688076019287109e+00
7.564293384552001953e+00
7.876579761505126953e+00
-5.185441493988037109e+00
-5.183151721954345703e+00
7.691243648529052734e+00
-5.185457229614257812e+00
-5.187386035919189453e+00
-5.181886196136474609e+00
-1.746666580438613892e-01
7.905113220214843750e+00
3.884973764419555664e+00
4.511248588562011719e+00
-1.819682717323303223e-01
6.853417396545410156e+00
7.862720966339111328e+00
7.711657524108886719e+00
7.860787391662597656e+00
-5.178022384643554688e+00
7.534367561340332031e+00
7.879984378814697266e+00
2.065578222274780273e+00
3.736926555633544922e+00
7.904868602752685547e+00
3.751659631729125977e+00
7.907552719116210938e+00
6.073293685913085938e+00
-1.287719607353210449e+00
2.459798574447631836e+00
4.648380279541015625e+00
3.288566112518310547e+00
-1.663900613784790039e-01
