4.410007476806640625e+00 -7.015842914581298828e+00
4.211987972259521484e+00 -7.196632385253906250e+00
-7.792318820953369141e+00 -8.263911604881286621e-01
5.038003444671630859e+00 -6.990691661834716797e+00
-4.602960109710693359e+00 -1.589113712310791016e+00
-8.061852455139160156e+00 -8.400547504425048828e-01
3.771982669830322266e+00 -5.714030265808105469e+00
-1.179629230499267578e+01 7.333938598632812500e+00
-4.591461181640625000e+00 -1.572721600532531738e+00
4.212719917297363281e+00 -7.200020790100097656e+00
-1.156024742126464844e+01 7.157606601715087891e+00
3.773354530334472656e+00 -5.705491065979003906e+00
1.494209957122802734e+01 -8.038445472717285156e+00
2.987442255020141602e+00 -7.979207992553710938e+00
-1.105629920959472656e+01 -1.373979568481445312e+00
4.215334415435791016e+00 -7.199825763702392578e+00
-7.735067367553710938e+00 -8.384442925453186035e-01
2.821569204330444336e+00 2.163829994201660156e+01
4.471071243286132812e+00 -7.210015773773193359e+00
4.318352699279785156e+00 -7.206725120544433594e+00
4.989481449127197266e+00 -7.007161140441894531e+00
-7.700397968292236328e+00 -8.498460054397583008e-01
-7.713047981262207031e+00 -8.477330803871154785e-01
4.217026710510253906e+00 -7.201014041900634766e+00
-7.710986614227294922e+00 -8.450425863265991211e-01
-7.780376911163330078e+00 -8.307920098304748535e-01
-7.722040176391601562e+00 -8.515275716781616211e-01
-2.616232633590698242e+00 1.434968318790197372e-03
5.505662441253662109e+00 -7.091357707977294922e+00
2.412348270416259766e+00 -2.768261432647705078e+00
2.696727037429809570e+00 -4.410757064819335938e+00
1.515467643737792969e+00 2.163818836212158203e+00
2.864717245101928711e+00 -8.204128265380859375e+00
4.647590160369873047e+00 -7.093940734863281250e+00
4.556756973266601562e+00 -7.099094390869140625e+00
4.642388343811035156e+00 -7.092637062072753906e+00
-7.705844879150390625e+00 -8.470492362976074219e-01
4.686738967895507812e+00 -7.322197437286376953e+00
4.998673439025878906e+00 -7.015364646911621094e+00
2.467356920242309570e+00 -1.078221559524536133e+00
5.583419322967529297e+00 -2.801418066024780273e+00
5.503290176391601562e+00 -7.089470863342285156e+00
1.529961466789245605e+00 -2.650126218795776367e+00
5.564274787902832031e+00 -7.071633338928222656e+00
3.969478845596313477e+00 -5.382027149200439453e+00
1.314218640327453613e+00 4.847680568695068359e+00
-1.088311195373535156e+01 6.633210659027099609e+00
2.325393676757812500e+00 -3.600830554962158203e+00
-1.146971702575683594e+01 7.095502376556396484e+00
-2.607008218765258789e+00 1.640619523823261261e-02
