4.748832702636718750e+00 -7.346081256866455078e+00
4.513033866882324219e+00 -7.523259162902832031e+00
-7.794049263000488281e+00 -8.433912992477416992e-01
5.408728599548339844e+00 -7.314884662628173828e+00
-4.709520339965820312e+00 -1.597976207733154297e+00
-8.024247169494628906e+00 -8.453156352043151855e-01
4.110630989074707031e+00 -6.050619602203369141e+00
-1.198648929595947266e+01 7.444316864013671875e+00
-4.711822509765625000e+00 -1.606072664260864258e+00
4.512772560119628906e+00 -7.524049758911132812e+00
-1.185404491424560547e+01 7.340698719024658203e+00
4.113485336303710938e+00 -6.054206371307373047e+00
1.579058742523193359e+01 -8.422760009765625000e+00
3.238405704498291016e+00 -8.286723136901855469e+00
-1.105734539031982422e+01 -1.324795365333557129e+00
4.513914585113525391e+00 -7.525433540344238281e+00
-7.786077499389648438e+00 -8.401084542274475098e-01
2.841197729110717773e+00 2.207206916809082031e+01
4.809582710266113281e+00 -7.529187679290771484e+00
4.635114669799804688e+00 -7.531018733978271484e+00
5.360332012176513672e+00 -7.345069885253906250e+00
-7.800819873809814453e+00 -8.475074172019958496e-01
-7.890831947326660156e+00 -8.575913906097412109e-01
4.506573677062988281e+00 -7.518938541412353516e+00
-7.778335571289062500e+00 -8.382819294929504395e-01
-7.798688411712646484e+00 -8.429073691368103027e-01
-7.783411026000976562e+00 -8.435215950012207031e-01
-2.698148250579833984e+00 -1.631803996860980988e-02
5.890824317932128906e+00 -7.424106597900390625e+00
2.616358757019042969e+00 -2.979542970657348633e+00
2.946723461151123047e+00 -4.722161769866943359e+00
1.648608207702636719e+00 2.247195959091186523e+00
3.111170530319213867e+00 -8.506810188293457031e+00
4.984653949737548828e+00 -7.416611194610595703e+00
4.880397319793701172e+00 -7.430409431457519531e+00
4.987297058105468750e+00 -7.415554046630859375e+00
-7.798897266387939453e+00 -8.417586088180541992e-01
5.008605957031250000e+00 -7.649095535278320312e+00
5.362851619720458984e+00 -7.333075046539306641e+00
2.668570756912231445e+00 -1.089472174644470215e+00
5.957396984100341797e+00 -3.004737377166748047e+00
5.898084163665771484e+00 -7.421805858612060547e+00
1.693523168563842773e+00 -2.884768486022949219e+00
5.965831756591796875e+00 -7.404026508331298828e+00
4.348355770111083984e+00 -5.741476058959960938e+00
1.343006134033203125e+00 5.005156993865966797e+00
-1.118371868133544922e+01 6.830558300018310547e+00
2.558842658996582031e+00 -3.898381710052490234e+00
-1.169179058074951172e+01 7.214844703674316406e+00
-2.702003479003906250e+00 -6.126787513494491577e-03
