4.092539787292480469e+00 -6.678751945495605469e+00
3.923530817031860352e+00 -6.857243537902832031e+00
-7.602696895599365234e+00 -8.167895674705505371e-01
4.718411922454833984e+00 -6.665350914001464844e+00
-4.583083629608154297e+00 -1.600030422210693359e+00
-8.125462532043457031e+00 -8.514474034309387207e-01
3.479573726654052734e+00 -5.376660823822021484e+00
-1.145987796783447266e+01 7.128420352935791016e+00
-4.579922676086425781e+00 -1.593024849891662598e+00
3.924517393112182617e+00 -6.855633258819580078e+00
-1.127316761016845703e+01 6.980973243713378906e+00
3.478855609893798828e+00 -5.375055313110351562e+00
1.383957862854003906e+01 -7.859761714935302734e+00
2.684763431549072266e+00 -7.623142242431640625e+00
-1.101202487945556641e+01 -1.522323727607727051e+00
3.922180652618408203e+00 -6.858834743499755859e+00
-7.600484848022460938e+00 -8.179211616516113281e-01
3.014273643493652344e+00 2.104361534118652344e+01
4.147451400756835938e+00 -6.873507022857666016e+00
4.016351222991943359e+00 -6.862082958221435547e+00
4.670983314514160156e+00 -6.678159236907958984e+00
-7.607668399810791016e+00 -8.113139867782592773e-01
-7.607718944549560547e+00 -8.123832941055297852e-01
3.926259279251098633e+00 -6.855860233306884766e+00
-7.609473705291748047e+00 -8.181447386741638184e-01
-7.610394477844238281e+00 -8.225458860397338867e-01
-7.609394073486328125e+00 -8.130904436111450195e-01
-2.708201408386230469e+00 1.376628316938877106e-02
5.195742607116699219e+00 -6.772365570068359375e+00
2.244027376174926758e+00 -2.558892250061035156e+00
2.513126850128173828e+00 -4.194544792175292969e+00
1.576971292495727539e+00 2.236239910125732422e+00
2.551983833312988281e+00 -7.853345870971679688e+00
4.329552173614501953e+00 -6.758304595947265625e+00
4.258401393890380859e+00 -6.763065338134765625e+00
4.335012912750244141e+00 -6.760530948638916016e+00
-7.616046428680419922e+00 -8.173187971115112305e-01
4.400576114654541016e+00 -6.984700679779052734e+00
4.671541690826416016e+00 -6.677825450897216797e+00
2.362308740615844727e+00 -8.942903876304626465e-01
5.234529495239257812e+00 -2.559176921844482422e+00
5.196361541748046875e+00 -6.772340774536132812e+00
1.429638147354125977e+00 -2.537732362747192383e+00
5.254004478454589844e+00 -6.761211872100830078e+00
3.657109022140502930e+00 -5.020771026611328125e+00
1.427003145217895508e+00 4.949769496917724609e+00
-1.041237354278564453e+01 6.311188220977783203e+00
2.137115240097045898e+00 -3.369779586791992188e+00
-1.115503025054931641e+01 6.888247966766357422e+00
-2.691813945770263672e+00 2.454758435487747192e-02
